0.000000000000000000e+00 0.000000000000000000e+00
5.000000000000000278e-02 1.000000000000000021e-02
1.000000000000000056e-01 1.000000000000000000e+00
1.500000000000000222e-01 1.000000000000000021e-02
2.000000000000000111e-01 1.000000000000000000e+00
2.500000000000000000e-01 1.000000000000000021e-02
3.000000000000000444e-01 1.000000000000000000e+00
3.500000000000000333e-01 1.000000000000000021e-02
4.000000000000000222e-01 1.000000000000000000e+00
4.500000000000000111e-01 1.000000000000000021e-02
5.000000000000000000e-01 1.000000000000000000e+00
5.500000000000000444e-01 1.000000000000000021e-02
6.000000000000000888e-01 1.000000000000000000e+00
6.500000000000000222e-01 1.000000000000000021e-02
7.000000000000000666e-01 1.000000000000000000e+00
7.500000000000000000e-01 1.000000000000000021e-02
8.000000000000000444e-01 1.000000000000000000e+00
8.500000000000000888e-01 1.000000000000000021e-02
9.000000000000000222e-01 1.000000000000000000e+00
9.500000000000000666e-01 1.000000000000000021e-02
1.000000000000000000e+00 1.000000000000000000e+00
