0.000000000000000000e+00 0.000000000000000000e+00
1.000000000000000021e-03 1.000000000000000021e-02
2.000000000000000042e-03 1.000000000000000000e+00
3.000000000000000062e-03 1.000000000000000021e-02
4.000000000000000083e-03 1.000000000000000000e+00
5.000000000000000104e-03 1.000000000000000021e-02
6.000000000000000125e-03 1.000000000000000000e+00
7.000000000000000146e-03 1.000000000000000021e-02
8.000000000000000167e-03 1.000000000000000000e+00
9.000000000000001055e-03 1.000000000000000021e-02
1.000000000000000021e-02 1.000000000000000000e+00
1.099999999999999936e-02 1.000000000000000021e-02
1.200000000000000025e-02 1.000000000000000000e+00
1.300000000000000114e-02 1.000000000000000021e-02
1.400000000000000029e-02 1.000000000000000000e+00
1.499999999999999944e-02 1.000000000000000021e-02
1.600000000000000033e-02 1.000000000000000000e+00
1.700000000000000122e-02 1.000000000000000021e-02
1.800000000000000211e-02 1.000000000000000000e+00
1.899999999999999953e-02 1.000000000000000021e-02
2.000000000000000042e-02 1.000000000000000000e+00
2.100000000000000130e-02 1.000000000000000021e-02
2.199999999999999872e-02 1.000000000000000000e+00
2.299999999999999961e-02 1.000000000000000021e-02
2.400000000000000050e-02 1.000000000000000000e+00
2.500000000000000139e-02 1.000000000000000021e-02
2.600000000000000228e-02 1.000000000000000000e+00
2.699999999999999969e-02 1.000000000000000021e-02
2.800000000000000058e-02 1.000000000000000000e+00
2.900000000000000147e-02 1.000000000000000021e-02
2.999999999999999889e-02 1.000000000000000000e+00
3.099999999999999978e-02 1.000000000000000021e-02
3.200000000000000067e-02 1.000000000000000000e+00
3.300000000000000155e-02 1.000000000000000021e-02
3.400000000000000244e-02 1.000000000000000000e+00
3.500000000000000333e-02 1.000000000000000021e-02
3.600000000000000422e-02 1.000000000000000000e+00
3.699999999999999817e-02 1.000000000000000021e-02
3.799999999999999906e-02 1.000000000000000000e+00
3.899999999999999994e-02 1.000000000000000021e-02
4.000000000000000083e-02 1.000000000000000000e+00
4.100000000000000172e-02 1.000000000000000021e-02
4.200000000000000261e-02 1.000000000000000000e+00
4.300000000000000350e-02 1.000000000000000021e-02
4.399999999999999745e-02 1.000000000000000000e+00
4.499999999999999833e-02 1.000000000000000021e-02
4.599999999999999922e-02 1.000000000000000000e+00
4.700000000000000011e-02 1.000000000000000021e-02
4.800000000000000100e-02 1.000000000000000000e+00
4.900000000000000189e-02 1.000000000000000021e-02
5.000000000000000278e-02 1.000000000000000000e+00
5.100000000000000366e-02 1.000000000000000021e-02
5.200000000000000455e-02 1.000000000000000000e+00
5.299999999999999850e-02 1.000000000000000021e-02
5.399999999999999939e-02 1.000000000000000000e+00
5.500000000000000028e-02 1.000000000000000021e-02
5.600000000000000117e-02 1.000000000000000000e+00
5.700000000000000205e-02 1.000000000000000021e-02
5.800000000000000294e-02 1.000000000000000000e+00
5.900000000000000383e-02 1.000000000000000021e-02
5.999999999999999778e-02 1.000000000000000000e+00
6.099999999999999867e-02 1.000000000000000021e-02
6.199999999999999956e-02 1.000000000000000000e+00
6.300000000000000044e-02 1.000000000000000021e-02
6.400000000000000133e-02 1.000000000000000000e+00
6.500000000000000222e-02 1.000000000000000021e-02
6.600000000000000311e-02 1.000000000000000000e+00
6.700000000000000400e-02 1.000000000000000021e-02
6.800000000000000488e-02 1.000000000000000000e+00
6.900000000000000577e-02 1.000000000000000021e-02
7.000000000000000666e-02 1.000000000000000000e+00
7.100000000000000755e-02 1.000000000000000021e-02
7.200000000000000844e-02 1.000000000000000000e+00
7.299999999999999545e-02 1.000000000000000021e-02
7.399999999999999634e-02 1.000000000000000000e+00
7.499999999999999722e-02 1.000000000000000021e-02
7.599999999999999811e-02 1.000000000000000000e+00
7.699999999999999900e-02 1.000000000000000021e-02
7.799999999999999989e-02 1.000000000000000000e+00
7.900000000000000078e-02 1.000000000000000021e-02
8.000000000000000167e-02 1.000000000000000000e+00
8.100000000000000255e-02 1.000000000000000021e-02
8.200000000000000344e-02 1.000000000000000000e+00
8.300000000000000433e-02 1.000000000000000021e-02
8.400000000000000522e-02 1.000000000000000000e+00
8.500000000000000611e-02 1.000000000000000021e-02
8.600000000000000699e-02 1.000000000000000000e+00
8.700000000000000788e-02 1.000000000000000021e-02
8.799999999999999489e-02 1.000000000000000000e+00
8.899999999999999578e-02 1.000000000000000021e-02
8.999999999999999667e-02 1.000000000000000000e+00
9.099999999999999756e-02 1.000000000000000021e-02
9.199999999999999845e-02 1.000000000000000000e+00
9.299999999999999933e-02 1.000000000000000021e-02
9.400000000000000022e-02 1.000000000000000000e+00
9.500000000000000111e-02 1.000000000000000021e-02
9.600000000000000200e-02 1.000000000000000000e+00
9.700000000000000289e-02 1.000000000000000021e-02
9.800000000000000377e-02 1.000000000000000000e+00
9.900000000000000466e-02 1.000000000000000021e-02
1.000000000000000056e-01 1.000000000000000000e+00
1.010000000000000064e-01 1.000000000000000021e-02
1.020000000000000073e-01 1.000000000000000000e+00
1.030000000000000082e-01 1.000000000000000021e-02
1.040000000000000091e-01 1.000000000000000000e+00
1.049999999999999961e-01 1.000000000000000021e-02
1.059999999999999970e-01 1.000000000000000000e+00
1.069999999999999979e-01 1.000000000000000021e-02
1.079999999999999988e-01 1.000000000000000000e+00
1.089999999999999997e-01 1.000000000000000021e-02
1.100000000000000006e-01 1.000000000000000000e+00
1.110000000000000014e-01 1.000000000000000021e-02
1.120000000000000023e-01 1.000000000000000000e+00
1.130000000000000032e-01 1.000000000000000021e-02
1.140000000000000041e-01 1.000000000000000000e+00
1.150000000000000050e-01 1.000000000000000021e-02
1.160000000000000059e-01 1.000000000000000000e+00
1.170000000000000068e-01 1.000000000000000021e-02
1.180000000000000077e-01 1.000000000000000000e+00
1.190000000000000085e-01 1.000000000000000021e-02
1.199999999999999956e-01 1.000000000000000000e+00
1.209999999999999964e-01 1.000000000000000021e-02
1.219999999999999973e-01 1.000000000000000000e+00
1.229999999999999982e-01 1.000000000000000021e-02
1.239999999999999991e-01 1.000000000000000000e+00
1.250000000000000000e-01 1.000000000000000021e-02
1.260000000000000009e-01 1.000000000000000000e+00
1.270000000000000018e-01 1.000000000000000021e-02
1.280000000000000027e-01 1.000000000000000000e+00
1.290000000000000036e-01 1.000000000000000021e-02
1.300000000000000044e-01 1.000000000000000000e+00
1.310000000000000053e-01 1.000000000000000021e-02
1.320000000000000062e-01 1.000000000000000000e+00
1.330000000000000071e-01 1.000000000000000021e-02
1.340000000000000080e-01 1.000000000000000000e+00
1.350000000000000089e-01 1.000000000000000021e-02
1.360000000000000098e-01 1.000000000000000000e+00
1.370000000000000107e-01 1.000000000000000021e-02
1.380000000000000115e-01 1.000000000000000000e+00
1.390000000000000124e-01 1.000000000000000021e-02
1.400000000000000133e-01 1.000000000000000000e+00
1.410000000000000142e-01 1.000000000000000021e-02
1.420000000000000151e-01 1.000000000000000000e+00
1.430000000000000160e-01 1.000000000000000021e-02
1.440000000000000169e-01 1.000000000000000000e+00
1.449999999999999900e-01 1.000000000000000021e-02
1.459999999999999909e-01 1.000000000000000000e+00
1.469999999999999918e-01 1.000000000000000021e-02
1.479999999999999927e-01 1.000000000000000000e+00
1.489999999999999936e-01 1.000000000000000021e-02
1.499999999999999944e-01 1.000000000000000000e+00
1.509999999999999953e-01 1.000000000000000021e-02
1.519999999999999962e-01 1.000000000000000000e+00
1.529999999999999971e-01 1.000000000000000021e-02
1.539999999999999980e-01 1.000000000000000000e+00
1.549999999999999989e-01 1.000000000000000021e-02
1.559999999999999998e-01 1.000000000000000000e+00
1.570000000000000007e-01 1.000000000000000021e-02
1.580000000000000016e-01 1.000000000000000000e+00
1.590000000000000024e-01 1.000000000000000021e-02
1.600000000000000033e-01 1.000000000000000000e+00
1.610000000000000042e-01 1.000000000000000021e-02
1.620000000000000051e-01 1.000000000000000000e+00
1.630000000000000060e-01 1.000000000000000021e-02
1.640000000000000069e-01 1.000000000000000000e+00
1.650000000000000078e-01 1.000000000000000021e-02
1.660000000000000087e-01 1.000000000000000000e+00
1.670000000000000095e-01 1.000000000000000021e-02
1.680000000000000104e-01 1.000000000000000000e+00
1.690000000000000113e-01 1.000000000000000021e-02
1.700000000000000122e-01 1.000000000000000000e+00
1.710000000000000131e-01 1.000000000000000021e-02
1.720000000000000140e-01 1.000000000000000000e+00
1.730000000000000149e-01 1.000000000000000021e-02
1.740000000000000158e-01 1.000000000000000000e+00
1.750000000000000167e-01 1.000000000000000021e-02
1.759999999999999898e-01 1.000000000000000000e+00
1.769999999999999907e-01 1.000000000000000021e-02
1.779999999999999916e-01 1.000000000000000000e+00
1.789999999999999925e-01 1.000000000000000021e-02
1.799999999999999933e-01 1.000000000000000000e+00
1.809999999999999942e-01 1.000000000000000021e-02
1.819999999999999951e-01 1.000000000000000000e+00
1.829999999999999960e-01 1.000000000000000021e-02
1.839999999999999969e-01 1.000000000000000000e+00
1.849999999999999978e-01 1.000000000000000021e-02
1.859999999999999987e-01 1.000000000000000000e+00
1.869999999999999996e-01 1.000000000000000021e-02
1.880000000000000004e-01 1.000000000000000000e+00
1.890000000000000013e-01 1.000000000000000021e-02
1.900000000000000022e-01 1.000000000000000000e+00
1.910000000000000031e-01 1.000000000000000021e-02
1.920000000000000040e-01 1.000000000000000000e+00
1.930000000000000049e-01 1.000000000000000021e-02
1.940000000000000058e-01 1.000000000000000000e+00
1.950000000000000067e-01 1.000000000000000021e-02
1.960000000000000075e-01 1.000000000000000000e+00
1.970000000000000084e-01 1.000000000000000021e-02
1.980000000000000093e-01 1.000000000000000000e+00
1.990000000000000102e-01 1.000000000000000021e-02
2.000000000000000111e-01 1.000000000000000000e+00
2.010000000000000120e-01 1.000000000000000021e-02
2.020000000000000129e-01 1.000000000000000000e+00
2.030000000000000138e-01 1.000000000000000021e-02
2.040000000000000147e-01 1.000000000000000000e+00
2.050000000000000155e-01 1.000000000000000021e-02
2.060000000000000164e-01 1.000000000000000000e+00
2.070000000000000173e-01 1.000000000000000021e-02
2.080000000000000182e-01 1.000000000000000000e+00
2.089999999999999913e-01 1.000000000000000021e-02
2.099999999999999922e-01 1.000000000000000000e+00
2.109999999999999931e-01 1.000000000000000021e-02
2.119999999999999940e-01 1.000000000000000000e+00
2.129999999999999949e-01 1.000000000000000021e-02
2.139999999999999958e-01 1.000000000000000000e+00
2.149999999999999967e-01 1.000000000000000021e-02
2.159999999999999976e-01 1.000000000000000000e+00
2.169999999999999984e-01 1.000000000000000021e-02
2.179999999999999993e-01 1.000000000000000000e+00
2.190000000000000002e-01 1.000000000000000021e-02
2.200000000000000011e-01 1.000000000000000000e+00
2.210000000000000020e-01 1.000000000000000021e-02
2.220000000000000029e-01 1.000000000000000000e+00
2.230000000000000038e-01 1.000000000000000021e-02
2.240000000000000047e-01 1.000000000000000000e+00
2.250000000000000056e-01 1.000000000000000021e-02
2.260000000000000064e-01 1.000000000000000000e+00
2.270000000000000073e-01 1.000000000000000021e-02
2.280000000000000082e-01 1.000000000000000000e+00
2.290000000000000091e-01 1.000000000000000021e-02
2.300000000000000100e-01 1.000000000000000000e+00
2.310000000000000109e-01 1.000000000000000021e-02
2.320000000000000118e-01 1.000000000000000000e+00
2.330000000000000127e-01 1.000000000000000021e-02
2.340000000000000135e-01 1.000000000000000000e+00
2.350000000000000144e-01 1.000000000000000021e-02
2.360000000000000153e-01 1.000000000000000000e+00
2.370000000000000162e-01 1.000000000000000021e-02
2.380000000000000171e-01 1.000000000000000000e+00
2.390000000000000180e-01 1.000000000000000021e-02
2.399999999999999911e-01 1.000000000000000000e+00
2.409999999999999920e-01 1.000000000000000021e-02
2.419999999999999929e-01 1.000000000000000000e+00
2.429999999999999938e-01 1.000000000000000021e-02
2.439999999999999947e-01 1.000000000000000000e+00
2.449999999999999956e-01 1.000000000000000021e-02
2.459999999999999964e-01 1.000000000000000000e+00
2.469999999999999973e-01 1.000000000000000021e-02
2.479999999999999982e-01 1.000000000000000000e+00
2.489999999999999991e-01 1.000000000000000021e-02
2.500000000000000000e-01 1.000000000000000000e+00
2.510000000000000009e-01 1.000000000000000021e-02
2.520000000000000018e-01 1.000000000000000000e+00
2.530000000000000027e-01 1.000000000000000021e-02
2.540000000000000036e-01 1.000000000000000000e+00
2.550000000000000044e-01 1.000000000000000021e-02
2.560000000000000053e-01 1.000000000000000000e+00
2.570000000000000062e-01 1.000000000000000021e-02
2.580000000000000071e-01 1.000000000000000000e+00
2.590000000000000080e-01 1.000000000000000021e-02
2.600000000000000089e-01 1.000000000000000000e+00
2.610000000000000098e-01 1.000000000000000021e-02
2.620000000000000107e-01 1.000000000000000000e+00
2.630000000000000115e-01 1.000000000000000021e-02
2.640000000000000124e-01 1.000000000000000000e+00
2.650000000000000133e-01 1.000000000000000021e-02
2.660000000000000142e-01 1.000000000000000000e+00
2.670000000000000151e-01 1.000000000000000021e-02
2.680000000000000160e-01 1.000000000000000000e+00
2.690000000000000169e-01 1.000000000000000021e-02
2.700000000000000178e-01 1.000000000000000000e+00
2.710000000000000187e-01 1.000000000000000021e-02
2.720000000000000195e-01 1.000000000000000000e+00
2.730000000000000204e-01 1.000000000000000021e-02
2.740000000000000213e-01 1.000000000000000000e+00
2.750000000000000222e-01 1.000000000000000021e-02
2.760000000000000231e-01 1.000000000000000000e+00
2.770000000000000240e-01 1.000000000000000021e-02
2.780000000000000249e-01 1.000000000000000000e+00
2.790000000000000258e-01 1.000000000000000021e-02
2.800000000000000266e-01 1.000000000000000000e+00
2.810000000000000275e-01 1.000000000000000021e-02
2.820000000000000284e-01 1.000000000000000000e+00
2.830000000000000293e-01 1.000000000000000021e-02
2.840000000000000302e-01 1.000000000000000000e+00
2.850000000000000311e-01 1.000000000000000021e-02
2.860000000000000320e-01 1.000000000000000000e+00
2.870000000000000329e-01 1.000000000000000021e-02
2.880000000000000338e-01 1.000000000000000000e+00
2.889999999999999791e-01 1.000000000000000021e-02
2.899999999999999800e-01 1.000000000000000000e+00
2.909999999999999809e-01 1.000000000000000021e-02
2.919999999999999818e-01 1.000000000000000000e+00
2.929999999999999827e-01 1.000000000000000021e-02
2.939999999999999836e-01 1.000000000000000000e+00
2.949999999999999845e-01 1.000000000000000021e-02
2.959999999999999853e-01 1.000000000000000000e+00
2.969999999999999862e-01 1.000000000000000021e-02
2.979999999999999871e-01 1.000000000000000000e+00
2.989999999999999880e-01 1.000000000000000021e-02
2.999999999999999889e-01 1.000000000000000000e+00
3.009999999999999898e-01 1.000000000000000021e-02
3.019999999999999907e-01 1.000000000000000000e+00
3.029999999999999916e-01 1.000000000000000021e-02
3.039999999999999925e-01 1.000000000000000000e+00
3.049999999999999933e-01 1.000000000000000021e-02
3.059999999999999942e-01 1.000000000000000000e+00
3.069999999999999951e-01 1.000000000000000021e-02
3.079999999999999960e-01 1.000000000000000000e+00
3.089999999999999969e-01 1.000000000000000021e-02
3.099999999999999978e-01 1.000000000000000000e+00
3.109999999999999987e-01 1.000000000000000021e-02
3.119999999999999996e-01 1.000000000000000000e+00
3.130000000000000004e-01 1.000000000000000021e-02
3.140000000000000013e-01 1.000000000000000000e+00
3.150000000000000022e-01 1.000000000000000021e-02
3.160000000000000031e-01 1.000000000000000000e+00
3.170000000000000040e-01 1.000000000000000021e-02
3.180000000000000049e-01 1.000000000000000000e+00
3.190000000000000058e-01 1.000000000000000021e-02
3.200000000000000067e-01 1.000000000000000000e+00
3.210000000000000075e-01 1.000000000000000021e-02
3.220000000000000084e-01 1.000000000000000000e+00
3.230000000000000093e-01 1.000000000000000021e-02
3.240000000000000102e-01 1.000000000000000000e+00
3.250000000000000111e-01 1.000000000000000021e-02
3.260000000000000120e-01 1.000000000000000000e+00
3.270000000000000129e-01 1.000000000000000021e-02
3.280000000000000138e-01 1.000000000000000000e+00
3.290000000000000147e-01 1.000000000000000021e-02
3.300000000000000155e-01 1.000000000000000000e+00
3.310000000000000164e-01 1.000000000000000021e-02
3.320000000000000173e-01 1.000000000000000000e+00
3.330000000000000182e-01 1.000000000000000021e-02
3.340000000000000191e-01 1.000000000000000000e+00
3.350000000000000200e-01 1.000000000000000021e-02
3.360000000000000209e-01 1.000000000000000000e+00
3.370000000000000218e-01 1.000000000000000021e-02
3.380000000000000226e-01 1.000000000000000000e+00
3.390000000000000235e-01 1.000000000000000021e-02
3.400000000000000244e-01 1.000000000000000000e+00
3.410000000000000253e-01 1.000000000000000021e-02
3.420000000000000262e-01 1.000000000000000000e+00
3.430000000000000271e-01 1.000000000000000021e-02
3.440000000000000280e-01 1.000000000000000000e+00
3.450000000000000289e-01 1.000000000000000021e-02
3.460000000000000298e-01 1.000000000000000000e+00
3.470000000000000306e-01 1.000000000000000021e-02
3.480000000000000315e-01 1.000000000000000000e+00
3.490000000000000324e-01 1.000000000000000021e-02
3.500000000000000333e-01 1.000000000000000000e+00
3.510000000000000342e-01 1.000000000000000021e-02
3.519999999999999796e-01 1.000000000000000000e+00
3.529999999999999805e-01 1.000000000000000021e-02
3.539999999999999813e-01 1.000000000000000000e+00
3.549999999999999822e-01 1.000000000000000021e-02
3.559999999999999831e-01 1.000000000000000000e+00
3.569999999999999840e-01 1.000000000000000021e-02
3.579999999999999849e-01 1.000000000000000000e+00
3.589999999999999858e-01 1.000000000000000021e-02
3.599999999999999867e-01 1.000000000000000000e+00
3.609999999999999876e-01 1.000000000000000021e-02
3.619999999999999885e-01 1.000000000000000000e+00
3.629999999999999893e-01 1.000000000000000021e-02
3.639999999999999902e-01 1.000000000000000000e+00
3.649999999999999911e-01 1.000000000000000021e-02
3.659999999999999920e-01 1.000000000000000000e+00
3.669999999999999929e-01 1.000000000000000021e-02
3.679999999999999938e-01 1.000000000000000000e+00
3.689999999999999947e-01 1.000000000000000021e-02
3.699999999999999956e-01 1.000000000000000000e+00
3.709999999999999964e-01 1.000000000000000021e-02
3.719999999999999973e-01 1.000000000000000000e+00
3.729999999999999982e-01 1.000000000000000021e-02
3.739999999999999991e-01 1.000000000000000000e+00
3.750000000000000000e-01 1.000000000000000021e-02
3.760000000000000009e-01 1.000000000000000000e+00
3.770000000000000018e-01 1.000000000000000021e-02
3.780000000000000027e-01 1.000000000000000000e+00
3.790000000000000036e-01 1.000000000000000021e-02
3.800000000000000044e-01 1.000000000000000000e+00
3.810000000000000053e-01 1.000000000000000021e-02
3.820000000000000062e-01 1.000000000000000000e+00
3.830000000000000071e-01 1.000000000000000021e-02
3.840000000000000080e-01 1.000000000000000000e+00
3.850000000000000089e-01 1.000000000000000021e-02
3.860000000000000098e-01 1.000000000000000000e+00
3.870000000000000107e-01 1.000000000000000021e-02
3.880000000000000115e-01 1.000000000000000000e+00
3.890000000000000124e-01 1.000000000000000021e-02
3.900000000000000133e-01 1.000000000000000000e+00
3.910000000000000142e-01 1.000000000000000021e-02
3.920000000000000151e-01 1.000000000000000000e+00
3.930000000000000160e-01 1.000000000000000021e-02
3.940000000000000169e-01 1.000000000000000000e+00
3.950000000000000178e-01 1.000000000000000021e-02
3.960000000000000187e-01 1.000000000000000000e+00
3.970000000000000195e-01 1.000000000000000021e-02
3.980000000000000204e-01 1.000000000000000000e+00
3.990000000000000213e-01 1.000000000000000021e-02
4.000000000000000222e-01 1.000000000000000000e+00
4.010000000000000231e-01 1.000000000000000021e-02
4.020000000000000240e-01 1.000000000000000000e+00
4.030000000000000249e-01 1.000000000000000021e-02
4.040000000000000258e-01 1.000000000000000000e+00
4.050000000000000266e-01 1.000000000000000021e-02
4.060000000000000275e-01 1.000000000000000000e+00
4.070000000000000284e-01 1.000000000000000021e-02
4.080000000000000293e-01 1.000000000000000000e+00
4.090000000000000302e-01 1.000000000000000021e-02
4.100000000000000311e-01 1.000000000000000000e+00
4.110000000000000320e-01 1.000000000000000021e-02
4.120000000000000329e-01 1.000000000000000000e+00
4.130000000000000338e-01 1.000000000000000021e-02
4.140000000000000346e-01 1.000000000000000000e+00
4.150000000000000355e-01 1.000000000000000021e-02
4.160000000000000364e-01 1.000000000000000000e+00
4.169999999999999818e-01 1.000000000000000021e-02
4.179999999999999827e-01 1.000000000000000000e+00
4.189999999999999836e-01 1.000000000000000021e-02
4.199999999999999845e-01 1.000000000000000000e+00
4.209999999999999853e-01 1.000000000000000021e-02
4.219999999999999862e-01 1.000000000000000000e+00
4.229999999999999871e-01 1.000000000000000021e-02
4.239999999999999880e-01 1.000000000000000000e+00
4.249999999999999889e-01 1.000000000000000021e-02
4.259999999999999898e-01 1.000000000000000000e+00
4.269999999999999907e-01 1.000000000000000021e-02
4.279999999999999916e-01 1.000000000000000000e+00
4.289999999999999925e-01 1.000000000000000021e-02
4.299999999999999933e-01 1.000000000000000000e+00
4.309999999999999942e-01 1.000000000000000021e-02
4.319999999999999951e-01 1.000000000000000000e+00
4.329999999999999960e-01 1.000000000000000021e-02
4.339999999999999969e-01 1.000000000000000000e+00
4.349999999999999978e-01 1.000000000000000021e-02
4.359999999999999987e-01 1.000000000000000000e+00
4.369999999999999996e-01 1.000000000000000021e-02
4.380000000000000004e-01 1.000000000000000000e+00
4.390000000000000013e-01 1.000000000000000021e-02
4.400000000000000022e-01 1.000000000000000000e+00
4.410000000000000031e-01 1.000000000000000021e-02
4.420000000000000040e-01 1.000000000000000000e+00
4.430000000000000049e-01 1.000000000000000021e-02
4.440000000000000058e-01 1.000000000000000000e+00
4.450000000000000067e-01 1.000000000000000021e-02
4.460000000000000075e-01 1.000000000000000000e+00
4.470000000000000084e-01 1.000000000000000021e-02
4.480000000000000093e-01 1.000000000000000000e+00
4.490000000000000102e-01 1.000000000000000021e-02
4.500000000000000111e-01 1.000000000000000000e+00
4.510000000000000120e-01 1.000000000000000021e-02
4.520000000000000129e-01 1.000000000000000000e+00
4.530000000000000138e-01 1.000000000000000021e-02
4.540000000000000147e-01 1.000000000000000000e+00
4.550000000000000155e-01 1.000000000000000021e-02
4.560000000000000164e-01 1.000000000000000000e+00
4.570000000000000173e-01 1.000000000000000021e-02
4.580000000000000182e-01 1.000000000000000000e+00
4.590000000000000191e-01 1.000000000000000021e-02
4.600000000000000200e-01 1.000000000000000000e+00
4.610000000000000209e-01 1.000000000000000021e-02
4.620000000000000218e-01 1.000000000000000000e+00
4.630000000000000226e-01 1.000000000000000021e-02
4.640000000000000235e-01 1.000000000000000000e+00
4.650000000000000244e-01 1.000000000000000021e-02
4.660000000000000253e-01 1.000000000000000000e+00
4.670000000000000262e-01 1.000000000000000021e-02
4.680000000000000271e-01 1.000000000000000000e+00
4.690000000000000280e-01 1.000000000000000021e-02
4.700000000000000289e-01 1.000000000000000000e+00
4.710000000000000298e-01 1.000000000000000021e-02
4.720000000000000306e-01 1.000000000000000000e+00
4.730000000000000315e-01 1.000000000000000021e-02
4.740000000000000324e-01 1.000000000000000000e+00
4.750000000000000333e-01 1.000000000000000021e-02
4.760000000000000342e-01 1.000000000000000000e+00
4.770000000000000351e-01 1.000000000000000021e-02
4.780000000000000360e-01 1.000000000000000000e+00
4.790000000000000369e-01 1.000000000000000021e-02
4.799999999999999822e-01 1.000000000000000000e+00
4.809999999999999831e-01 1.000000000000000021e-02
4.819999999999999840e-01 1.000000000000000000e+00
4.829999999999999849e-01 1.000000000000000021e-02
4.839999999999999858e-01 1.000000000000000000e+00
4.849999999999999867e-01 1.000000000000000021e-02
4.859999999999999876e-01 1.000000000000000000e+00
4.869999999999999885e-01 1.000000000000000021e-02
4.879999999999999893e-01 1.000000000000000000e+00
4.889999999999999902e-01 1.000000000000000021e-02
4.899999999999999911e-01 1.000000000000000000e+00
4.909999999999999920e-01 1.000000000000000021e-02
4.919999999999999929e-01 1.000000000000000000e+00
4.929999999999999938e-01 1.000000000000000021e-02
4.939999999999999947e-01 1.000000000000000000e+00
4.949999999999999956e-01 1.000000000000000021e-02
4.959999999999999964e-01 1.000000000000000000e+00
4.969999999999999973e-01 1.000000000000000021e-02
4.979999999999999982e-01 1.000000000000000000e+00
4.989999999999999991e-01 1.000000000000000021e-02
5.000000000000000000e-01 1.000000000000000000e+00
5.010000000000000009e-01 1.000000000000000021e-02
5.020000000000000018e-01 1.000000000000000000e+00
5.030000000000000027e-01 1.000000000000000021e-02
5.040000000000000036e-01 1.000000000000000000e+00
5.050000000000000044e-01 1.000000000000000021e-02
5.060000000000000053e-01 1.000000000000000000e+00
5.070000000000000062e-01 1.000000000000000021e-02
5.080000000000000071e-01 1.000000000000000000e+00
5.090000000000000080e-01 1.000000000000000021e-02
5.100000000000000089e-01 1.000000000000000000e+00
5.110000000000000098e-01 1.000000000000000021e-02
5.120000000000000107e-01 1.000000000000000000e+00
5.130000000000000115e-01 1.000000000000000021e-02
5.140000000000000124e-01 1.000000000000000000e+00
5.150000000000000133e-01 1.000000000000000021e-02
5.160000000000000142e-01 1.000000000000000000e+00
5.170000000000000151e-01 1.000000000000000021e-02
5.180000000000000160e-01 1.000000000000000000e+00
5.190000000000000169e-01 1.000000000000000021e-02
5.200000000000000178e-01 1.000000000000000000e+00
5.210000000000000187e-01 1.000000000000000021e-02
5.220000000000000195e-01 1.000000000000000000e+00
5.230000000000000204e-01 1.000000000000000021e-02
5.240000000000000213e-01 1.000000000000000000e+00
5.250000000000000222e-01 1.000000000000000021e-02
5.260000000000000231e-01 1.000000000000000000e+00
5.270000000000000240e-01 1.000000000000000021e-02
5.280000000000000249e-01 1.000000000000000000e+00
5.290000000000000258e-01 1.000000000000000021e-02
5.300000000000000266e-01 1.000000000000000000e+00
5.310000000000000275e-01 1.000000000000000021e-02
5.320000000000000284e-01 1.000000000000000000e+00
5.330000000000000293e-01 1.000000000000000021e-02
5.340000000000000302e-01 1.000000000000000000e+00
5.350000000000000311e-01 1.000000000000000021e-02
5.360000000000000320e-01 1.000000000000000000e+00
5.370000000000000329e-01 1.000000000000000021e-02
5.380000000000000338e-01 1.000000000000000000e+00
5.390000000000000346e-01 1.000000000000000021e-02
5.400000000000000355e-01 1.000000000000000000e+00
5.410000000000000364e-01 1.000000000000000021e-02
5.420000000000000373e-01 1.000000000000000000e+00
5.430000000000000382e-01 1.000000000000000021e-02
5.440000000000000391e-01 1.000000000000000000e+00
5.450000000000000400e-01 1.000000000000000021e-02
5.460000000000000409e-01 1.000000000000000000e+00
5.470000000000000417e-01 1.000000000000000021e-02
5.480000000000000426e-01 1.000000000000000000e+00
5.490000000000000435e-01 1.000000000000000021e-02
5.500000000000000444e-01 1.000000000000000000e+00
5.510000000000000453e-01 1.000000000000000021e-02
5.520000000000000462e-01 1.000000000000000000e+00
5.530000000000000471e-01 1.000000000000000021e-02
5.540000000000000480e-01 1.000000000000000000e+00
5.550000000000000488e-01 1.000000000000000021e-02
5.560000000000000497e-01 1.000000000000000000e+00
5.570000000000000506e-01 1.000000000000000021e-02
5.580000000000000515e-01 1.000000000000000000e+00
5.590000000000000524e-01 1.000000000000000021e-02
5.600000000000000533e-01 1.000000000000000000e+00
5.610000000000000542e-01 1.000000000000000021e-02
5.620000000000000551e-01 1.000000000000000000e+00
5.630000000000000560e-01 1.000000000000000021e-02
5.640000000000000568e-01 1.000000000000000000e+00
5.650000000000000577e-01 1.000000000000000021e-02
5.660000000000000586e-01 1.000000000000000000e+00
5.670000000000000595e-01 1.000000000000000021e-02
5.680000000000000604e-01 1.000000000000000000e+00
5.690000000000000613e-01 1.000000000000000021e-02
5.700000000000000622e-01 1.000000000000000000e+00
5.710000000000000631e-01 1.000000000000000021e-02
5.720000000000000639e-01 1.000000000000000000e+00
5.730000000000000648e-01 1.000000000000000021e-02
5.740000000000000657e-01 1.000000000000000000e+00
5.750000000000000666e-01 1.000000000000000021e-02
5.760000000000000675e-01 1.000000000000000000e+00
5.769999999999999574e-01 1.000000000000000021e-02
5.779999999999999583e-01 1.000000000000000000e+00
5.789999999999999591e-01 1.000000000000000021e-02
5.799999999999999600e-01 1.000000000000000000e+00
5.809999999999999609e-01 1.000000000000000021e-02
5.819999999999999618e-01 1.000000000000000000e+00
5.829999999999999627e-01 1.000000000000000021e-02
5.839999999999999636e-01 1.000000000000000000e+00
5.849999999999999645e-01 1.000000000000000021e-02
5.859999999999999654e-01 1.000000000000000000e+00
5.869999999999999662e-01 1.000000000000000021e-02
5.879999999999999671e-01 1.000000000000000000e+00
5.889999999999999680e-01 1.000000000000000021e-02
5.899999999999999689e-01 1.000000000000000000e+00
5.909999999999999698e-01 1.000000000000000021e-02
5.919999999999999707e-01 1.000000000000000000e+00
5.929999999999999716e-01 1.000000000000000021e-02
5.939999999999999725e-01 1.000000000000000000e+00
5.949999999999999734e-01 1.000000000000000021e-02
5.959999999999999742e-01 1.000000000000000000e+00
5.969999999999999751e-01 1.000000000000000021e-02
5.979999999999999760e-01 1.000000000000000000e+00
5.989999999999999769e-01 1.000000000000000021e-02
5.999999999999999778e-01 1.000000000000000000e+00
6.009999999999999787e-01 1.000000000000000021e-02
6.019999999999999796e-01 1.000000000000000000e+00
6.029999999999999805e-01 1.000000000000000021e-02
6.039999999999999813e-01 1.000000000000000000e+00
6.049999999999999822e-01 1.000000000000000021e-02
6.059999999999999831e-01 1.000000000000000000e+00
6.069999999999999840e-01 1.000000000000000021e-02
6.079999999999999849e-01 1.000000000000000000e+00
6.089999999999999858e-01 1.000000000000000021e-02
6.099999999999999867e-01 1.000000000000000000e+00
6.109999999999999876e-01 1.000000000000000021e-02
6.119999999999999885e-01 1.000000000000000000e+00
6.129999999999999893e-01 1.000000000000000021e-02
6.139999999999999902e-01 1.000000000000000000e+00
6.149999999999999911e-01 1.000000000000000021e-02
6.159999999999999920e-01 1.000000000000000000e+00
6.169999999999999929e-01 1.000000000000000021e-02
6.179999999999999938e-01 1.000000000000000000e+00
6.189999999999999947e-01 1.000000000000000021e-02
6.199999999999999956e-01 1.000000000000000000e+00
6.209999999999999964e-01 1.000000000000000021e-02
6.219999999999999973e-01 1.000000000000000000e+00
6.229999999999999982e-01 1.000000000000000021e-02
6.239999999999999991e-01 1.000000000000000000e+00
6.250000000000000000e-01 1.000000000000000021e-02
6.260000000000000009e-01 1.000000000000000000e+00
6.270000000000000018e-01 1.000000000000000021e-02
6.280000000000000027e-01 1.000000000000000000e+00
6.290000000000000036e-01 1.000000000000000021e-02
6.300000000000000044e-01 1.000000000000000000e+00
6.310000000000000053e-01 1.000000000000000021e-02
6.320000000000000062e-01 1.000000000000000000e+00
6.330000000000000071e-01 1.000000000000000021e-02
6.340000000000000080e-01 1.000000000000000000e+00
6.350000000000000089e-01 1.000000000000000021e-02
6.360000000000000098e-01 1.000000000000000000e+00
6.370000000000000107e-01 1.000000000000000021e-02
6.380000000000000115e-01 1.000000000000000000e+00
6.390000000000000124e-01 1.000000000000000021e-02
6.400000000000000133e-01 1.000000000000000000e+00
6.410000000000000142e-01 1.000000000000000021e-02
6.420000000000000151e-01 1.000000000000000000e+00
6.430000000000000160e-01 1.000000000000000021e-02
6.440000000000000169e-01 1.000000000000000000e+00
6.450000000000000178e-01 1.000000000000000021e-02
6.460000000000000187e-01 1.000000000000000000e+00
6.470000000000000195e-01 1.000000000000000021e-02
6.480000000000000204e-01 1.000000000000000000e+00
6.490000000000000213e-01 1.000000000000000021e-02
6.500000000000000222e-01 1.000000000000000000e+00
6.510000000000000231e-01 1.000000000000000021e-02
6.520000000000000240e-01 1.000000000000000000e+00
6.530000000000000249e-01 1.000000000000000021e-02
6.540000000000000258e-01 1.000000000000000000e+00
6.550000000000000266e-01 1.000000000000000021e-02
6.560000000000000275e-01 1.000000000000000000e+00
6.570000000000000284e-01 1.000000000000000021e-02
6.580000000000000293e-01 1.000000000000000000e+00
6.590000000000000302e-01 1.000000000000000021e-02
6.600000000000000311e-01 1.000000000000000000e+00
6.610000000000000320e-01 1.000000000000000021e-02
6.620000000000000329e-01 1.000000000000000000e+00
6.630000000000000338e-01 1.000000000000000021e-02
6.640000000000000346e-01 1.000000000000000000e+00
6.650000000000000355e-01 1.000000000000000021e-02
6.660000000000000364e-01 1.000000000000000000e+00
6.670000000000000373e-01 1.000000000000000021e-02
6.680000000000000382e-01 1.000000000000000000e+00
6.690000000000000391e-01 1.000000000000000021e-02
6.700000000000000400e-01 1.000000000000000000e+00
6.710000000000000409e-01 1.000000000000000021e-02
6.720000000000000417e-01 1.000000000000000000e+00
6.730000000000000426e-01 1.000000000000000021e-02
6.740000000000000435e-01 1.000000000000000000e+00
6.750000000000000444e-01 1.000000000000000021e-02
6.760000000000000453e-01 1.000000000000000000e+00
6.770000000000000462e-01 1.000000000000000021e-02
6.780000000000000471e-01 1.000000000000000000e+00
6.790000000000000480e-01 1.000000000000000021e-02
6.800000000000000488e-01 1.000000000000000000e+00
6.810000000000000497e-01 1.000000000000000021e-02
6.820000000000000506e-01 1.000000000000000000e+00
6.830000000000000515e-01 1.000000000000000021e-02
6.840000000000000524e-01 1.000000000000000000e+00
6.850000000000000533e-01 1.000000000000000021e-02
6.860000000000000542e-01 1.000000000000000000e+00
6.870000000000000551e-01 1.000000000000000021e-02
6.880000000000000560e-01 1.000000000000000000e+00
6.890000000000000568e-01 1.000000000000000021e-02
6.900000000000000577e-01 1.000000000000000000e+00
6.910000000000000586e-01 1.000000000000000021e-02
6.920000000000000595e-01 1.000000000000000000e+00
6.930000000000000604e-01 1.000000000000000021e-02
6.940000000000000613e-01 1.000000000000000000e+00
6.950000000000000622e-01 1.000000000000000021e-02
6.960000000000000631e-01 1.000000000000000000e+00
6.970000000000000639e-01 1.000000000000000021e-02
6.980000000000000648e-01 1.000000000000000000e+00
6.990000000000000657e-01 1.000000000000000021e-02
7.000000000000000666e-01 1.000000000000000000e+00
7.010000000000000675e-01 1.000000000000000021e-02
7.020000000000000684e-01 1.000000000000000000e+00
7.030000000000000693e-01 1.000000000000000021e-02
7.039999999999999591e-01 1.000000000000000000e+00
7.049999999999999600e-01 1.000000000000000021e-02
7.059999999999999609e-01 1.000000000000000000e+00
7.069999999999999618e-01 1.000000000000000021e-02
7.079999999999999627e-01 1.000000000000000000e+00
7.089999999999999636e-01 1.000000000000000021e-02
7.099999999999999645e-01 1.000000000000000000e+00
7.109999999999999654e-01 1.000000000000000021e-02
7.119999999999999662e-01 1.000000000000000000e+00
7.129999999999999671e-01 1.000000000000000021e-02
7.139999999999999680e-01 1.000000000000000000e+00
7.149999999999999689e-01 1.000000000000000021e-02
7.159999999999999698e-01 1.000000000000000000e+00
7.169999999999999707e-01 1.000000000000000021e-02
7.179999999999999716e-01 1.000000000000000000e+00
7.189999999999999725e-01 1.000000000000000021e-02
7.199999999999999734e-01 1.000000000000000000e+00
7.209999999999999742e-01 1.000000000000000021e-02
7.219999999999999751e-01 1.000000000000000000e+00
7.229999999999999760e-01 1.000000000000000021e-02
7.239999999999999769e-01 1.000000000000000000e+00
7.249999999999999778e-01 1.000000000000000021e-02
7.259999999999999787e-01 1.000000000000000000e+00
7.269999999999999796e-01 1.000000000000000021e-02
7.279999999999999805e-01 1.000000000000000000e+00
7.289999999999999813e-01 1.000000000000000021e-02
7.299999999999999822e-01 1.000000000000000000e+00
7.309999999999999831e-01 1.000000000000000021e-02
7.319999999999999840e-01 1.000000000000000000e+00
7.329999999999999849e-01 1.000000000000000021e-02
7.339999999999999858e-01 1.000000000000000000e+00
7.349999999999999867e-01 1.000000000000000021e-02
7.359999999999999876e-01 1.000000000000000000e+00
7.369999999999999885e-01 1.000000000000000021e-02
7.379999999999999893e-01 1.000000000000000000e+00
7.389999999999999902e-01 1.000000000000000021e-02
7.399999999999999911e-01 1.000000000000000000e+00
7.409999999999999920e-01 1.000000000000000021e-02
7.419999999999999929e-01 1.000000000000000000e+00
7.429999999999999938e-01 1.000000000000000021e-02
7.439999999999999947e-01 1.000000000000000000e+00
7.449999999999999956e-01 1.000000000000000021e-02
7.459999999999999964e-01 1.000000000000000000e+00
7.469999999999999973e-01 1.000000000000000021e-02
7.479999999999999982e-01 1.000000000000000000e+00
7.489999999999999991e-01 1.000000000000000021e-02
7.500000000000000000e-01 1.000000000000000000e+00
7.510000000000000009e-01 1.000000000000000021e-02
7.520000000000000018e-01 1.000000000000000000e+00
7.530000000000000027e-01 1.000000000000000021e-02
7.540000000000000036e-01 1.000000000000000000e+00
7.550000000000000044e-01 1.000000000000000021e-02
7.560000000000000053e-01 1.000000000000000000e+00
7.570000000000000062e-01 1.000000000000000021e-02
7.580000000000000071e-01 1.000000000000000000e+00
7.590000000000000080e-01 1.000000000000000021e-02
7.600000000000000089e-01 1.000000000000000000e+00
7.610000000000000098e-01 1.000000000000000021e-02
7.620000000000000107e-01 1.000000000000000000e+00
7.630000000000000115e-01 1.000000000000000021e-02
7.640000000000000124e-01 1.000000000000000000e+00
7.650000000000000133e-01 1.000000000000000021e-02
7.660000000000000142e-01 1.000000000000000000e+00
7.670000000000000151e-01 1.000000000000000021e-02
7.680000000000000160e-01 1.000000000000000000e+00
7.690000000000000169e-01 1.000000000000000021e-02
7.700000000000000178e-01 1.000000000000000000e+00
7.710000000000000187e-01 1.000000000000000021e-02
7.720000000000000195e-01 1.000000000000000000e+00
7.730000000000000204e-01 1.000000000000000021e-02
7.740000000000000213e-01 1.000000000000000000e+00
7.750000000000000222e-01 1.000000000000000021e-02
7.760000000000000231e-01 1.000000000000000000e+00
7.770000000000000240e-01 1.000000000000000021e-02
7.780000000000000249e-01 1.000000000000000000e+00
7.790000000000000258e-01 1.000000000000000021e-02
7.800000000000000266e-01 1.000000000000000000e+00
7.810000000000000275e-01 1.000000000000000021e-02
7.820000000000000284e-01 1.000000000000000000e+00
7.830000000000000293e-01 1.000000000000000021e-02
7.840000000000000302e-01 1.000000000000000000e+00
7.850000000000000311e-01 1.000000000000000021e-02
7.860000000000000320e-01 1.000000000000000000e+00
7.870000000000000329e-01 1.000000000000000021e-02
7.880000000000000338e-01 1.000000000000000000e+00
7.890000000000000346e-01 1.000000000000000021e-02
7.900000000000000355e-01 1.000000000000000000e+00
7.910000000000000364e-01 1.000000000000000021e-02
7.920000000000000373e-01 1.000000000000000000e+00
7.930000000000000382e-01 1.000000000000000021e-02
7.940000000000000391e-01 1.000000000000000000e+00
7.950000000000000400e-01 1.000000000000000021e-02
7.960000000000000409e-01 1.000000000000000000e+00
7.970000000000000417e-01 1.000000000000000021e-02
7.980000000000000426e-01 1.000000000000000000e+00
7.990000000000000435e-01 1.000000000000000021e-02
8.000000000000000444e-01 1.000000000000000000e+00
8.010000000000000453e-01 1.000000000000000021e-02
8.020000000000000462e-01 1.000000000000000000e+00
8.030000000000000471e-01 1.000000000000000021e-02
8.040000000000000480e-01 1.000000000000000000e+00
8.050000000000000488e-01 1.000000000000000021e-02
8.060000000000000497e-01 1.000000000000000000e+00
8.070000000000000506e-01 1.000000000000000021e-02
8.080000000000000515e-01 1.000000000000000000e+00
8.090000000000000524e-01 1.000000000000000021e-02
8.100000000000000533e-01 1.000000000000000000e+00
8.110000000000000542e-01 1.000000000000000021e-02
8.120000000000000551e-01 1.000000000000000000e+00
8.130000000000000560e-01 1.000000000000000021e-02
8.140000000000000568e-01 1.000000000000000000e+00
8.150000000000000577e-01 1.000000000000000021e-02
8.160000000000000586e-01 1.000000000000000000e+00
8.170000000000000595e-01 1.000000000000000021e-02
8.180000000000000604e-01 1.000000000000000000e+00
8.190000000000000613e-01 1.000000000000000021e-02
8.200000000000000622e-01 1.000000000000000000e+00
8.210000000000000631e-01 1.000000000000000021e-02
8.220000000000000639e-01 1.000000000000000000e+00
8.230000000000000648e-01 1.000000000000000021e-02
8.240000000000000657e-01 1.000000000000000000e+00
8.250000000000000666e-01 1.000000000000000021e-02
8.260000000000000675e-01 1.000000000000000000e+00
8.270000000000000684e-01 1.000000000000000021e-02
8.280000000000000693e-01 1.000000000000000000e+00
8.290000000000000702e-01 1.000000000000000021e-02
8.300000000000000711e-01 1.000000000000000000e+00
8.310000000000000719e-01 1.000000000000000021e-02
8.320000000000000728e-01 1.000000000000000000e+00
8.329999999999999627e-01 1.000000000000000021e-02
8.339999999999999636e-01 1.000000000000000000e+00
8.349999999999999645e-01 1.000000000000000021e-02
8.359999999999999654e-01 1.000000000000000000e+00
8.369999999999999662e-01 1.000000000000000021e-02
8.379999999999999671e-01 1.000000000000000000e+00
8.389999999999999680e-01 1.000000000000000021e-02
8.399999999999999689e-01 1.000000000000000000e+00
8.409999999999999698e-01 1.000000000000000021e-02
8.419999999999999707e-01 1.000000000000000000e+00
8.429999999999999716e-01 1.000000000000000021e-02
8.439999999999999725e-01 1.000000000000000000e+00
8.449999999999999734e-01 1.000000000000000021e-02
8.459999999999999742e-01 1.000000000000000000e+00
8.469999999999999751e-01 1.000000000000000021e-02
8.479999999999999760e-01 1.000000000000000000e+00
8.489999999999999769e-01 1.000000000000000021e-02
8.499999999999999778e-01 1.000000000000000000e+00
8.509999999999999787e-01 1.000000000000000021e-02
8.519999999999999796e-01 1.000000000000000000e+00
8.529999999999999805e-01 1.000000000000000021e-02
8.539999999999999813e-01 1.000000000000000000e+00
8.549999999999999822e-01 1.000000000000000021e-02
8.559999999999999831e-01 1.000000000000000000e+00
8.569999999999999840e-01 1.000000000000000021e-02
8.579999999999999849e-01 1.000000000000000000e+00
8.589999999999999858e-01 1.000000000000000021e-02
8.599999999999999867e-01 1.000000000000000000e+00
8.609999999999999876e-01 1.000000000000000021e-02
8.619999999999999885e-01 1.000000000000000000e+00
8.629999999999999893e-01 1.000000000000000021e-02
8.639999999999999902e-01 1.000000000000000000e+00
8.649999999999999911e-01 1.000000000000000021e-02
8.659999999999999920e-01 1.000000000000000000e+00
8.669999999999999929e-01 1.000000000000000021e-02
8.679999999999999938e-01 1.000000000000000000e+00
8.689999999999999947e-01 1.000000000000000021e-02
8.699999999999999956e-01 1.000000000000000000e+00
8.709999999999999964e-01 1.000000000000000021e-02
8.719999999999999973e-01 1.000000000000000000e+00
8.729999999999999982e-01 1.000000000000000021e-02
8.739999999999999991e-01 1.000000000000000000e+00
8.750000000000000000e-01 1.000000000000000021e-02
8.760000000000000009e-01 1.000000000000000000e+00
8.770000000000000018e-01 1.000000000000000021e-02
8.780000000000000027e-01 1.000000000000000000e+00
8.790000000000000036e-01 1.000000000000000021e-02
8.800000000000000044e-01 1.000000000000000000e+00
8.810000000000000053e-01 1.000000000000000021e-02
8.820000000000000062e-01 1.000000000000000000e+00
8.830000000000000071e-01 1.000000000000000021e-02
8.840000000000000080e-01 1.000000000000000000e+00
8.850000000000000089e-01 1.000000000000000021e-02
8.860000000000000098e-01 1.000000000000000000e+00
8.870000000000000107e-01 1.000000000000000021e-02
8.880000000000000115e-01 1.000000000000000000e+00
8.890000000000000124e-01 1.000000000000000021e-02
8.900000000000000133e-01 1.000000000000000000e+00
8.910000000000000142e-01 1.000000000000000021e-02
8.920000000000000151e-01 1.000000000000000000e+00
8.930000000000000160e-01 1.000000000000000021e-02
8.940000000000000169e-01 1.000000000000000000e+00
8.950000000000000178e-01 1.000000000000000021e-02
8.960000000000000187e-01 1.000000000000000000e+00
8.970000000000000195e-01 1.000000000000000021e-02
8.980000000000000204e-01 1.000000000000000000e+00
8.990000000000000213e-01 1.000000000000000021e-02
9.000000000000000222e-01 1.000000000000000000e+00
9.010000000000000231e-01 1.000000000000000021e-02
9.020000000000000240e-01 1.000000000000000000e+00
9.030000000000000249e-01 1.000000000000000021e-02
9.040000000000000258e-01 1.000000000000000000e+00
9.050000000000000266e-01 1.000000000000000021e-02
9.060000000000000275e-01 1.000000000000000000e+00
9.070000000000000284e-01 1.000000000000000021e-02
9.080000000000000293e-01 1.000000000000000000e+00
9.090000000000000302e-01 1.000000000000000021e-02
9.100000000000000311e-01 1.000000000000000000e+00
9.110000000000000320e-01 1.000000000000000021e-02
9.120000000000000329e-01 1.000000000000000000e+00
9.130000000000000338e-01 1.000000000000000021e-02
9.140000000000000346e-01 1.000000000000000000e+00
9.150000000000000355e-01 1.000000000000000021e-02
9.160000000000000364e-01 1.000000000000000000e+00
9.170000000000000373e-01 1.000000000000000021e-02
9.180000000000000382e-01 1.000000000000000000e+00
9.190000000000000391e-01 1.000000000000000021e-02
9.200000000000000400e-01 1.000000000000000000e+00
9.210000000000000409e-01 1.000000000000000021e-02
9.220000000000000417e-01 1.000000000000000000e+00
9.230000000000000426e-01 1.000000000000000021e-02
9.240000000000000435e-01 1.000000000000000000e+00
9.250000000000000444e-01 1.000000000000000021e-02
9.260000000000000453e-01 1.000000000000000000e+00
9.270000000000000462e-01 1.000000000000000021e-02
9.280000000000000471e-01 1.000000000000000000e+00
9.290000000000000480e-01 1.000000000000000021e-02
9.300000000000000488e-01 1.000000000000000000e+00
9.310000000000000497e-01 1.000000000000000021e-02
9.320000000000000506e-01 1.000000000000000000e+00
9.330000000000000515e-01 1.000000000000000021e-02
9.340000000000000524e-01 1.000000000000000000e+00
9.350000000000000533e-01 1.000000000000000021e-02
9.360000000000000542e-01 1.000000000000000000e+00
9.370000000000000551e-01 1.000000000000000021e-02
9.380000000000000560e-01 1.000000000000000000e+00
9.390000000000000568e-01 1.000000000000000021e-02
9.400000000000000577e-01 1.000000000000000000e+00
9.410000000000000586e-01 1.000000000000000021e-02
9.420000000000000595e-01 1.000000000000000000e+00
9.430000000000000604e-01 1.000000000000000021e-02
9.440000000000000613e-01 1.000000000000000000e+00
9.450000000000000622e-01 1.000000000000000021e-02
9.460000000000000631e-01 1.000000000000000000e+00
9.470000000000000639e-01 1.000000000000000021e-02
9.480000000000000648e-01 1.000000000000000000e+00
9.490000000000000657e-01 1.000000000000000021e-02
9.500000000000000666e-01 1.000000000000000000e+00
9.510000000000000675e-01 1.000000000000000021e-02
9.520000000000000684e-01 1.000000000000000000e+00
9.530000000000000693e-01 1.000000000000000021e-02
9.540000000000000702e-01 1.000000000000000000e+00
9.550000000000000711e-01 1.000000000000000021e-02
9.560000000000000719e-01 1.000000000000000000e+00
9.570000000000000728e-01 1.000000000000000021e-02
9.580000000000000737e-01 1.000000000000000000e+00
9.590000000000000746e-01 1.000000000000000021e-02
9.599999999999999645e-01 1.000000000000000000e+00
9.609999999999999654e-01 1.000000000000000021e-02
9.619999999999999662e-01 1.000000000000000000e+00
9.629999999999999671e-01 1.000000000000000021e-02
9.639999999999999680e-01 1.000000000000000000e+00
9.649999999999999689e-01 1.000000000000000021e-02
9.659999999999999698e-01 1.000000000000000000e+00
9.669999999999999707e-01 1.000000000000000021e-02
9.679999999999999716e-01 1.000000000000000000e+00
9.689999999999999725e-01 1.000000000000000021e-02
9.699999999999999734e-01 1.000000000000000000e+00
9.709999999999999742e-01 1.000000000000000021e-02
9.719999999999999751e-01 1.000000000000000000e+00
9.729999999999999760e-01 1.000000000000000021e-02
9.739999999999999769e-01 1.000000000000000000e+00
9.749999999999999778e-01 1.000000000000000021e-02
9.759999999999999787e-01 1.000000000000000000e+00
9.769999999999999796e-01 1.000000000000000021e-02
9.779999999999999805e-01 1.000000000000000000e+00
9.789999999999999813e-01 1.000000000000000021e-02
9.799999999999999822e-01 1.000000000000000000e+00
9.809999999999999831e-01 1.000000000000000021e-02
9.819999999999999840e-01 1.000000000000000000e+00
9.829999999999999849e-01 1.000000000000000021e-02
9.839999999999999858e-01 1.000000000000000000e+00
9.849999999999999867e-01 1.000000000000000021e-02
9.859999999999999876e-01 1.000000000000000000e+00
9.869999999999999885e-01 1.000000000000000021e-02
9.879999999999999893e-01 1.000000000000000000e+00
9.889999999999999902e-01 1.000000000000000021e-02
9.899999999999999911e-01 1.000000000000000000e+00
9.909999999999999920e-01 1.000000000000000021e-02
9.919999999999999929e-01 1.000000000000000000e+00
9.929999999999999938e-01 1.000000000000000021e-02
9.939999999999999947e-01 1.000000000000000000e+00
9.949999999999999956e-01 1.000000000000000021e-02
9.959999999999999964e-01 1.000000000000000000e+00
9.969999999999999973e-01 1.000000000000000021e-02
9.979999999999999982e-01 1.000000000000000000e+00
9.989999999999999991e-01 1.000000000000000021e-02
1.000000000000000000e+00 1.000000000000000000e+00
