0.000000000000000000e+00 0.000000000000000000e+00
2.500000000000000052e-03 1.000000000000000021e-02
5.000000000000000104e-03 1.000000000000000000e+00
7.499999999999999722e-03 1.000000000000000021e-02
1.000000000000000021e-02 1.000000000000000000e+00
1.250000000000000069e-02 1.000000000000000021e-02
1.499999999999999944e-02 1.000000000000000000e+00
1.750000000000000167e-02 1.000000000000000021e-02
2.000000000000000042e-02 1.000000000000000000e+00
2.249999999999999917e-02 1.000000000000000021e-02
2.500000000000000139e-02 1.000000000000000000e+00
2.750000000000000014e-02 1.000000000000000021e-02
2.999999999999999889e-02 1.000000000000000000e+00
3.250000000000000111e-02 1.000000000000000021e-02
3.500000000000000333e-02 1.000000000000000000e+00
3.749999999999999861e-02 1.000000000000000021e-02
4.000000000000000083e-02 1.000000000000000000e+00
4.250000000000000305e-02 1.000000000000000021e-02
4.499999999999999833e-02 1.000000000000000000e+00
4.750000000000000056e-02 1.000000000000000021e-02
5.000000000000000278e-02 1.000000000000000000e+00
5.249999999999999806e-02 1.000000000000000021e-02
5.500000000000000028e-02 1.000000000000000000e+00
5.750000000000000250e-02 1.000000000000000021e-02
5.999999999999999778e-02 1.000000000000000000e+00
6.250000000000000000e-02 1.000000000000000021e-02
6.500000000000000222e-02 1.000000000000000000e+00
6.750000000000000444e-02 1.000000000000000021e-02
7.000000000000000666e-02 1.000000000000000000e+00
7.249999999999999500e-02 1.000000000000000021e-02
7.499999999999999722e-02 1.000000000000000000e+00
7.749999999999999944e-02 1.000000000000000021e-02
8.000000000000000167e-02 1.000000000000000000e+00
8.250000000000000389e-02 1.000000000000000021e-02
8.500000000000000611e-02 1.000000000000000000e+00
8.750000000000000833e-02 1.000000000000000021e-02
8.999999999999999667e-02 1.000000000000000000e+00
9.249999999999999889e-02 1.000000000000000021e-02
9.500000000000000111e-02 1.000000000000000000e+00
9.750000000000000333e-02 1.000000000000000021e-02
1.000000000000000056e-01 1.000000000000000000e+00
1.025000000000000078e-01 1.000000000000000021e-02
1.049999999999999961e-01 1.000000000000000000e+00
1.074999999999999983e-01 1.000000000000000021e-02
1.100000000000000006e-01 1.000000000000000000e+00
1.125000000000000028e-01 1.000000000000000021e-02
1.150000000000000050e-01 1.000000000000000000e+00
1.175000000000000072e-01 1.000000000000000021e-02
1.199999999999999956e-01 1.000000000000000000e+00
1.224999999999999978e-01 1.000000000000000021e-02
1.250000000000000000e-01 1.000000000000000000e+00
1.275000000000000022e-01 1.000000000000000021e-02
1.300000000000000044e-01 1.000000000000000000e+00
1.325000000000000067e-01 1.000000000000000021e-02
1.350000000000000089e-01 1.000000000000000000e+00
1.375000000000000111e-01 1.000000000000000021e-02
1.400000000000000133e-01 1.000000000000000000e+00
1.425000000000000155e-01 1.000000000000000021e-02
1.449999999999999900e-01 1.000000000000000000e+00
1.474999999999999922e-01 1.000000000000000021e-02
1.499999999999999944e-01 1.000000000000000000e+00
1.524999999999999967e-01 1.000000000000000021e-02
1.549999999999999989e-01 1.000000000000000000e+00
1.575000000000000011e-01 1.000000000000000021e-02
1.600000000000000033e-01 1.000000000000000000e+00
1.625000000000000056e-01 1.000000000000000021e-02
1.650000000000000078e-01 1.000000000000000000e+00
1.675000000000000100e-01 1.000000000000000021e-02
1.700000000000000122e-01 1.000000000000000000e+00
1.725000000000000144e-01 1.000000000000000021e-02
1.750000000000000167e-01 1.000000000000000000e+00
1.774999999999999911e-01 1.000000000000000021e-02
1.799999999999999933e-01 1.000000000000000000e+00
1.824999999999999956e-01 1.000000000000000021e-02
1.849999999999999978e-01 1.000000000000000000e+00
1.875000000000000000e-01 1.000000000000000021e-02
1.900000000000000022e-01 1.000000000000000000e+00
1.925000000000000044e-01 1.000000000000000021e-02
1.950000000000000067e-01 1.000000000000000000e+00
1.975000000000000089e-01 1.000000000000000021e-02
2.000000000000000111e-01 1.000000000000000000e+00
2.025000000000000133e-01 1.000000000000000021e-02
2.050000000000000155e-01 1.000000000000000000e+00
2.075000000000000178e-01 1.000000000000000021e-02
2.099999999999999922e-01 1.000000000000000000e+00
2.124999999999999944e-01 1.000000000000000021e-02
2.149999999999999967e-01 1.000000000000000000e+00
2.174999999999999989e-01 1.000000000000000021e-02
2.200000000000000011e-01 1.000000000000000000e+00
2.225000000000000033e-01 1.000000000000000021e-02
2.250000000000000056e-01 1.000000000000000000e+00
2.275000000000000078e-01 1.000000000000000021e-02
2.300000000000000100e-01 1.000000000000000000e+00
2.325000000000000122e-01 1.000000000000000021e-02
2.350000000000000144e-01 1.000000000000000000e+00
2.375000000000000167e-01 1.000000000000000021e-02
2.399999999999999911e-01 1.000000000000000000e+00
2.424999999999999933e-01 1.000000000000000021e-02
2.449999999999999956e-01 1.000000000000000000e+00
2.474999999999999978e-01 1.000000000000000021e-02
2.500000000000000000e-01 1.000000000000000000e+00
2.525000000000000022e-01 1.000000000000000021e-02
2.550000000000000044e-01 1.000000000000000000e+00
2.575000000000000067e-01 1.000000000000000021e-02
2.600000000000000089e-01 1.000000000000000000e+00
2.625000000000000111e-01 1.000000000000000021e-02
2.650000000000000133e-01 1.000000000000000000e+00
2.675000000000000155e-01 1.000000000000000021e-02
2.700000000000000178e-01 1.000000000000000000e+00
2.725000000000000200e-01 1.000000000000000021e-02
2.750000000000000222e-01 1.000000000000000000e+00
2.775000000000000244e-01 1.000000000000000021e-02
2.800000000000000266e-01 1.000000000000000000e+00
2.825000000000000289e-01 1.000000000000000021e-02
2.850000000000000311e-01 1.000000000000000000e+00
2.875000000000000333e-01 1.000000000000000021e-02
2.899999999999999800e-01 1.000000000000000000e+00
2.924999999999999822e-01 1.000000000000000021e-02
2.949999999999999845e-01 1.000000000000000000e+00
2.974999999999999867e-01 1.000000000000000021e-02
2.999999999999999889e-01 1.000000000000000000e+00
3.024999999999999911e-01 1.000000000000000021e-02
3.049999999999999933e-01 1.000000000000000000e+00
3.074999999999999956e-01 1.000000000000000021e-02
3.099999999999999978e-01 1.000000000000000000e+00
3.125000000000000000e-01 1.000000000000000021e-02
3.150000000000000022e-01 1.000000000000000000e+00
3.175000000000000044e-01 1.000000000000000021e-02
3.200000000000000067e-01 1.000000000000000000e+00
3.225000000000000089e-01 1.000000000000000021e-02
3.250000000000000111e-01 1.000000000000000000e+00
3.275000000000000133e-01 1.000000000000000021e-02
3.300000000000000155e-01 1.000000000000000000e+00
3.325000000000000178e-01 1.000000000000000021e-02
3.350000000000000200e-01 1.000000000000000000e+00
3.375000000000000222e-01 1.000000000000000021e-02
3.400000000000000244e-01 1.000000000000000000e+00
3.425000000000000266e-01 1.000000000000000021e-02
3.450000000000000289e-01 1.000000000000000000e+00
3.475000000000000311e-01 1.000000000000000021e-02
3.500000000000000333e-01 1.000000000000000000e+00
3.524999999999999800e-01 1.000000000000000021e-02
3.549999999999999822e-01 1.000000000000000000e+00
3.574999999999999845e-01 1.000000000000000021e-02
3.599999999999999867e-01 1.000000000000000000e+00
3.624999999999999889e-01 1.000000000000000021e-02
3.649999999999999911e-01 1.000000000000000000e+00
3.674999999999999933e-01 1.000000000000000021e-02
3.699999999999999956e-01 1.000000000000000000e+00
3.724999999999999978e-01 1.000000000000000021e-02
3.750000000000000000e-01 1.000000000000000000e+00
3.775000000000000022e-01 1.000000000000000021e-02
3.800000000000000044e-01 1.000000000000000000e+00
3.825000000000000067e-01 1.000000000000000021e-02
3.850000000000000089e-01 1.000000000000000000e+00
3.875000000000000111e-01 1.000000000000000021e-02
3.900000000000000133e-01 1.000000000000000000e+00
3.925000000000000155e-01 1.000000000000000021e-02
3.950000000000000178e-01 1.000000000000000000e+00
3.975000000000000200e-01 1.000000000000000021e-02
4.000000000000000222e-01 1.000000000000000000e+00
4.025000000000000244e-01 1.000000000000000021e-02
4.050000000000000266e-01 1.000000000000000000e+00
4.075000000000000289e-01 1.000000000000000021e-02
4.100000000000000311e-01 1.000000000000000000e+00
4.125000000000000333e-01 1.000000000000000021e-02
4.150000000000000355e-01 1.000000000000000000e+00
4.174999999999999822e-01 1.000000000000000021e-02
4.199999999999999845e-01 1.000000000000000000e+00
4.224999999999999867e-01 1.000000000000000021e-02
4.249999999999999889e-01 1.000000000000000000e+00
4.274999999999999911e-01 1.000000000000000021e-02
4.299999999999999933e-01 1.000000000000000000e+00
4.324999999999999956e-01 1.000000000000000021e-02
4.349999999999999978e-01 1.000000000000000000e+00
4.375000000000000000e-01 1.000000000000000021e-02
4.400000000000000022e-01 1.000000000000000000e+00
4.425000000000000044e-01 1.000000000000000021e-02
4.450000000000000067e-01 1.000000000000000000e+00
4.475000000000000089e-01 1.000000000000000021e-02
4.500000000000000111e-01 1.000000000000000000e+00
4.525000000000000133e-01 1.000000000000000021e-02
4.550000000000000155e-01 1.000000000000000000e+00
4.575000000000000178e-01 1.000000000000000021e-02
4.600000000000000200e-01 1.000000000000000000e+00
4.625000000000000222e-01 1.000000000000000021e-02
4.650000000000000244e-01 1.000000000000000000e+00
4.675000000000000266e-01 1.000000000000000021e-02
4.700000000000000289e-01 1.000000000000000000e+00
4.725000000000000311e-01 1.000000000000000021e-02
4.750000000000000333e-01 1.000000000000000000e+00
4.775000000000000355e-01 1.000000000000000021e-02
4.799999999999999822e-01 1.000000000000000000e+00
4.824999999999999845e-01 1.000000000000000021e-02
4.849999999999999867e-01 1.000000000000000000e+00
4.874999999999999889e-01 1.000000000000000021e-02
4.899999999999999911e-01 1.000000000000000000e+00
4.924999999999999933e-01 1.000000000000000021e-02
4.949999999999999956e-01 1.000000000000000000e+00
4.974999999999999978e-01 1.000000000000000021e-02
5.000000000000000000e-01 1.000000000000000000e+00
5.025000000000000577e-01 1.000000000000000021e-02
5.050000000000000044e-01 1.000000000000000000e+00
5.075000000000000622e-01 1.000000000000000021e-02
5.100000000000000089e-01 1.000000000000000000e+00
5.124999999999999556e-01 1.000000000000000021e-02
5.150000000000000133e-01 1.000000000000000000e+00
5.174999999999999600e-01 1.000000000000000021e-02
5.200000000000000178e-01 1.000000000000000000e+00
5.224999999999999645e-01 1.000000000000000021e-02
5.250000000000000222e-01 1.000000000000000000e+00
5.274999999999999689e-01 1.000000000000000021e-02
5.300000000000000266e-01 1.000000000000000000e+00
5.324999999999999734e-01 1.000000000000000021e-02
5.350000000000000311e-01 1.000000000000000000e+00
5.374999999999999778e-01 1.000000000000000021e-02
5.400000000000000355e-01 1.000000000000000000e+00
5.424999999999999822e-01 1.000000000000000021e-02
5.450000000000000400e-01 1.000000000000000000e+00
5.474999999999999867e-01 1.000000000000000021e-02
5.500000000000000444e-01 1.000000000000000000e+00
5.524999999999999911e-01 1.000000000000000021e-02
5.550000000000000488e-01 1.000000000000000000e+00
5.574999999999999956e-01 1.000000000000000021e-02
5.600000000000000533e-01 1.000000000000000000e+00
5.625000000000000000e-01 1.000000000000000021e-02
5.650000000000000577e-01 1.000000000000000000e+00
5.675000000000000044e-01 1.000000000000000021e-02
5.700000000000000622e-01 1.000000000000000000e+00
5.725000000000000089e-01 1.000000000000000021e-02
5.750000000000000666e-01 1.000000000000000000e+00
5.775000000000000133e-01 1.000000000000000021e-02
5.799999999999999600e-01 1.000000000000000000e+00
5.825000000000000178e-01 1.000000000000000021e-02
5.849999999999999645e-01 1.000000000000000000e+00
5.875000000000000222e-01 1.000000000000000021e-02
5.899999999999999689e-01 1.000000000000000000e+00
5.925000000000000266e-01 1.000000000000000021e-02
5.949999999999999734e-01 1.000000000000000000e+00
5.975000000000000311e-01 1.000000000000000021e-02
5.999999999999999778e-01 1.000000000000000000e+00
6.025000000000000355e-01 1.000000000000000021e-02
6.049999999999999822e-01 1.000000000000000000e+00
6.075000000000000400e-01 1.000000000000000021e-02
6.099999999999999867e-01 1.000000000000000000e+00
6.125000000000000444e-01 1.000000000000000021e-02
6.149999999999999911e-01 1.000000000000000000e+00
6.175000000000000488e-01 1.000000000000000021e-02
6.199999999999999956e-01 1.000000000000000000e+00
6.225000000000000533e-01 1.000000000000000021e-02
6.250000000000000000e-01 1.000000000000000000e+00
6.275000000000000577e-01 1.000000000000000021e-02
6.300000000000000044e-01 1.000000000000000000e+00
6.325000000000000622e-01 1.000000000000000021e-02
6.350000000000000089e-01 1.000000000000000000e+00
6.375000000000000666e-01 1.000000000000000021e-02
6.400000000000000133e-01 1.000000000000000000e+00
6.424999999999999600e-01 1.000000000000000021e-02
6.450000000000000178e-01 1.000000000000000000e+00
6.474999999999999645e-01 1.000000000000000021e-02
6.500000000000000222e-01 1.000000000000000000e+00
6.524999999999999689e-01 1.000000000000000021e-02
6.550000000000000266e-01 1.000000000000000000e+00
6.574999999999999734e-01 1.000000000000000021e-02
6.600000000000000311e-01 1.000000000000000000e+00
6.624999999999999778e-01 1.000000000000000021e-02
6.650000000000000355e-01 1.000000000000000000e+00
6.674999999999999822e-01 1.000000000000000021e-02
6.700000000000000400e-01 1.000000000000000000e+00
6.724999999999999867e-01 1.000000000000000021e-02
6.750000000000000444e-01 1.000000000000000000e+00
6.774999999999999911e-01 1.000000000000000021e-02
6.800000000000000488e-01 1.000000000000000000e+00
6.824999999999999956e-01 1.000000000000000021e-02
6.850000000000000533e-01 1.000000000000000000e+00
6.875000000000000000e-01 1.000000000000000021e-02
6.900000000000000577e-01 1.000000000000000000e+00
6.925000000000000044e-01 1.000000000000000021e-02
6.950000000000000622e-01 1.000000000000000000e+00
6.975000000000000089e-01 1.000000000000000021e-02
7.000000000000000666e-01 1.000000000000000000e+00
7.025000000000000133e-01 1.000000000000000021e-02
7.049999999999999600e-01 1.000000000000000000e+00
7.075000000000000178e-01 1.000000000000000021e-02
7.099999999999999645e-01 1.000000000000000000e+00
7.125000000000000222e-01 1.000000000000000021e-02
7.149999999999999689e-01 1.000000000000000000e+00
7.175000000000000266e-01 1.000000000000000021e-02
7.199999999999999734e-01 1.000000000000000000e+00
7.225000000000000311e-01 1.000000000000000021e-02
7.249999999999999778e-01 1.000000000000000000e+00
7.275000000000000355e-01 1.000000000000000021e-02
7.299999999999999822e-01 1.000000000000000000e+00
7.325000000000000400e-01 1.000000000000000021e-02
7.349999999999999867e-01 1.000000000000000000e+00
7.375000000000000444e-01 1.000000000000000021e-02
7.399999999999999911e-01 1.000000000000000000e+00
7.425000000000000488e-01 1.000000000000000021e-02
7.449999999999999956e-01 1.000000000000000000e+00
7.475000000000000533e-01 1.000000000000000021e-02
7.500000000000000000e-01 1.000000000000000000e+00
7.525000000000000577e-01 1.000000000000000021e-02
7.550000000000000044e-01 1.000000000000000000e+00
7.575000000000000622e-01 1.000000000000000021e-02
7.600000000000000089e-01 1.000000000000000000e+00
7.625000000000000666e-01 1.000000000000000021e-02
7.650000000000000133e-01 1.000000000000000000e+00
7.675000000000000711e-01 1.000000000000000021e-02
7.700000000000000178e-01 1.000000000000000000e+00
7.724999999999999645e-01 1.000000000000000021e-02
7.750000000000000222e-01 1.000000000000000000e+00
7.774999999999999689e-01 1.000000000000000021e-02
7.800000000000000266e-01 1.000000000000000000e+00
7.824999999999999734e-01 1.000000000000000021e-02
7.850000000000000311e-01 1.000000000000000000e+00
7.874999999999999778e-01 1.000000000000000021e-02
7.900000000000000355e-01 1.000000000000000000e+00
7.924999999999999822e-01 1.000000000000000021e-02
7.950000000000000400e-01 1.000000000000000000e+00
7.974999999999999867e-01 1.000000000000000021e-02
8.000000000000000444e-01 1.000000000000000000e+00
8.024999999999999911e-01 1.000000000000000021e-02
8.050000000000000488e-01 1.000000000000000000e+00
8.074999999999999956e-01 1.000000000000000021e-02
8.100000000000000533e-01 1.000000000000000000e+00
8.125000000000000000e-01 1.000000000000000021e-02
8.150000000000000577e-01 1.000000000000000000e+00
8.175000000000000044e-01 1.000000000000000021e-02
8.200000000000000622e-01 1.000000000000000000e+00
8.225000000000000089e-01 1.000000000000000021e-02
8.250000000000000666e-01 1.000000000000000000e+00
8.275000000000000133e-01 1.000000000000000021e-02
8.300000000000000711e-01 1.000000000000000000e+00
8.325000000000000178e-01 1.000000000000000021e-02
8.349999999999999645e-01 1.000000000000000000e+00
8.375000000000000222e-01 1.000000000000000021e-02
8.399999999999999689e-01 1.000000000000000000e+00
8.425000000000000266e-01 1.000000000000000021e-02
8.449999999999999734e-01 1.000000000000000000e+00
8.475000000000000311e-01 1.000000000000000021e-02
8.499999999999999778e-01 1.000000000000000000e+00
8.525000000000000355e-01 1.000000000000000021e-02
8.549999999999999822e-01 1.000000000000000000e+00
8.575000000000000400e-01 1.000000000000000021e-02
8.599999999999999867e-01 1.000000000000000000e+00
8.625000000000000444e-01 1.000000000000000021e-02
8.649999999999999911e-01 1.000000000000000000e+00
8.675000000000000488e-01 1.000000000000000021e-02
8.699999999999999956e-01 1.000000000000000000e+00
8.725000000000000533e-01 1.000000000000000021e-02
8.750000000000000000e-01 1.000000000000000000e+00
8.775000000000000577e-01 1.000000000000000021e-02
8.800000000000000044e-01 1.000000000000000000e+00
8.825000000000000622e-01 1.000000000000000021e-02
8.850000000000000089e-01 1.000000000000000000e+00
8.875000000000000666e-01 1.000000000000000021e-02
8.900000000000000133e-01 1.000000000000000000e+00
8.925000000000000711e-01 1.000000000000000021e-02
8.950000000000000178e-01 1.000000000000000000e+00
8.974999999999999645e-01 1.000000000000000021e-02
9.000000000000000222e-01 1.000000000000000000e+00
9.024999999999999689e-01 1.000000000000000021e-02
9.050000000000000266e-01 1.000000000000000000e+00
9.074999999999999734e-01 1.000000000000000021e-02
9.100000000000000311e-01 1.000000000000000000e+00
9.124999999999999778e-01 1.000000000000000021e-02
9.150000000000000355e-01 1.000000000000000000e+00
9.174999999999999822e-01 1.000000000000000021e-02
9.200000000000000400e-01 1.000000000000000000e+00
9.224999999999999867e-01 1.000000000000000021e-02
9.250000000000000444e-01 1.000000000000000000e+00
9.274999999999999911e-01 1.000000000000000021e-02
9.300000000000000488e-01 1.000000000000000000e+00
9.324999999999999956e-01 1.000000000000000021e-02
9.350000000000000533e-01 1.000000000000000000e+00
9.375000000000000000e-01 1.000000000000000021e-02
9.400000000000000577e-01 1.000000000000000000e+00
9.425000000000000044e-01 1.000000000000000021e-02
9.450000000000000622e-01 1.000000000000000000e+00
9.475000000000000089e-01 1.000000000000000021e-02
9.500000000000000666e-01 1.000000000000000000e+00
9.525000000000000133e-01 1.000000000000000021e-02
9.550000000000000711e-01 1.000000000000000000e+00
9.575000000000000178e-01 1.000000000000000021e-02
9.599999999999999645e-01 1.000000000000000000e+00
9.625000000000000222e-01 1.000000000000000021e-02
9.649999999999999689e-01 1.000000000000000000e+00
9.675000000000000266e-01 1.000000000000000021e-02
9.699999999999999734e-01 1.000000000000000000e+00
9.725000000000000311e-01 1.000000000000000021e-02
9.749999999999999778e-01 1.000000000000000000e+00
9.775000000000000355e-01 1.000000000000000021e-02
9.799999999999999822e-01 1.000000000000000000e+00
9.825000000000000400e-01 1.000000000000000021e-02
9.849999999999999867e-01 1.000000000000000000e+00
9.875000000000000444e-01 1.000000000000000021e-02
9.899999999999999911e-01 1.000000000000000000e+00
9.925000000000000488e-01 1.000000000000000021e-02
9.949999999999999956e-01 1.000000000000000000e+00
9.975000000000000533e-01 1.000000000000000021e-02
1.000000000000000000e+00 1.000000000000000000e+00
