0.000000000000000000e+00 0.000000000000000000e+00
1.000000000000000021e-03 0.000000000000000000e+00
2.000000000000000042e-03 0.000000000000000000e+00
3.000000000000000062e-03 2.004008016032063962e-03
4.000000000000000083e-03 2.004008016032063962e-03
5.000000000000000104e-03 4.008016032064127925e-03
6.000000000000000125e-03 4.008016032064127925e-03
7.000000000000000146e-03 6.012024048096191453e-03
8.000000000000000167e-03 6.012024048096191453e-03
9.000000000000001055e-03 8.016032064128255849e-03
1.000000000000000021e-02 8.016032064128255849e-03
1.099999999999999936e-02 1.002004008016032024e-02
1.200000000000000025e-02 1.002004008016032024e-02
1.300000000000000114e-02 1.202404809619238464e-02
1.400000000000000029e-02 1.202404809619238464e-02
1.499999999999999944e-02 1.402805611222444904e-02
1.600000000000000033e-02 1.402805611222444904e-02
1.700000000000000122e-02 1.603206412825651170e-02
1.800000000000000211e-02 1.603206412825651170e-02
1.899999999999999953e-02 1.803607214428857436e-02
2.000000000000000042e-02 1.803607214428857436e-02
2.100000000000000130e-02 2.004008016032063702e-02
2.199999999999999872e-02 2.004008016032063702e-02
2.299999999999999961e-02 2.204408817635269968e-02
2.400000000000000050e-02 2.204408817635269968e-02
2.500000000000000139e-02 2.404809619238476234e-02
2.600000000000000228e-02 2.404809619238476234e-02
2.699999999999999969e-02 2.605210420841682500e-02
2.800000000000000058e-02 2.605210420841682500e-02
2.900000000000000147e-02 2.805611222444888767e-02
2.999999999999999889e-02 2.805611222444888767e-02
3.099999999999999978e-02 3.006012024048095033e-02
3.200000000000000067e-02 3.006012024048095033e-02
3.300000000000000155e-02 3.206412825651301646e-02
3.400000000000000244e-02 3.206412825651301646e-02
3.500000000000000333e-02 3.406813627254508259e-02
3.600000000000000422e-02 3.406813627254508259e-02
3.699999999999999817e-02 3.607214428857714872e-02
3.799999999999999906e-02 3.607214428857714872e-02
3.899999999999999994e-02 3.807615230460921485e-02
4.000000000000000083e-02 3.807615230460921485e-02
4.100000000000000172e-02 4.008016032064128098e-02
4.200000000000000261e-02 4.008016032064128098e-02
4.300000000000000350e-02 4.208416833667334711e-02
4.399999999999999745e-02 4.208416833667334711e-02
4.499999999999999833e-02 4.408817635270541324e-02
4.599999999999999922e-02 4.408817635270541324e-02
4.700000000000000011e-02 4.609218436873747937e-02
4.800000000000000100e-02 4.609218436873747937e-02
4.900000000000000189e-02 4.809619238476954550e-02
5.000000000000000278e-02 4.809619238476954550e-02
5.100000000000000366e-02 5.010020040080161163e-02
5.200000000000000455e-02 5.010020040080161163e-02
5.299999999999999850e-02 5.210420841683367776e-02
5.399999999999999939e-02 5.210420841683367776e-02
5.500000000000000028e-02 5.410821643286574389e-02
5.600000000000000117e-02 5.410821643286574389e-02
5.700000000000000205e-02 5.611222444889781003e-02
5.800000000000000294e-02 5.611222444889781003e-02
5.900000000000000383e-02 5.811623246492987616e-02
5.999999999999999778e-02 5.811623246492987616e-02
6.099999999999999867e-02 6.012024048096194229e-02
6.199999999999999956e-02 6.012024048096194229e-02
6.300000000000000044e-02 6.212424849699400842e-02
6.400000000000000133e-02 6.212424849699400842e-02
6.500000000000000222e-02 6.412825651302607455e-02
6.600000000000000311e-02 6.412825651302607455e-02
6.700000000000000400e-02 6.613226452905814068e-02
6.800000000000000488e-02 6.613226452905814068e-02
6.900000000000000577e-02 6.813627254509020681e-02
7.000000000000000666e-02 6.813627254509020681e-02
7.100000000000000755e-02 7.014028056112227294e-02
7.200000000000000844e-02 7.014028056112227294e-02
7.299999999999999545e-02 7.214428857715433907e-02
7.399999999999999634e-02 7.214428857715433907e-02
7.499999999999999722e-02 7.414829659318640520e-02
7.599999999999999811e-02 7.414829659318640520e-02
7.699999999999999900e-02 7.615230460921847133e-02
7.799999999999999989e-02 7.615230460921847133e-02
7.900000000000000078e-02 7.815631262525053746e-02
8.000000000000000167e-02 7.815631262525053746e-02
8.100000000000000255e-02 8.016032064128260359e-02
8.200000000000000344e-02 8.016032064128260359e-02
8.300000000000000433e-02 8.216432865731466972e-02
8.400000000000000522e-02 8.216432865731466972e-02
8.500000000000000611e-02 8.416833667334673585e-02
8.600000000000000699e-02 8.416833667334673585e-02
8.700000000000000788e-02 8.617234468937880199e-02
8.799999999999999489e-02 8.617234468937880199e-02
8.899999999999999578e-02 8.817635270541086812e-02
8.999999999999999667e-02 8.817635270541086812e-02
9.099999999999999756e-02 9.018036072144293425e-02
9.199999999999999845e-02 9.018036072144293425e-02
9.299999999999999933e-02 9.218436873747500038e-02
9.400000000000000022e-02 9.218436873747500038e-02
9.500000000000000111e-02 9.418837675350706651e-02
9.600000000000000200e-02 9.418837675350706651e-02
9.700000000000000289e-02 9.619238476953913264e-02
9.800000000000000377e-02 9.619238476953913264e-02
9.900000000000000466e-02 9.819639278557119877e-02
1.000000000000000056e-01 9.819639278557119877e-02
1.010000000000000064e-01 1.002004008016032649e-01
1.020000000000000073e-01 1.002004008016032649e-01
1.030000000000000082e-01 1.022044088176353310e-01
1.040000000000000091e-01 1.022044088176353310e-01
1.049999999999999961e-01 1.042084168336673972e-01
1.059999999999999970e-01 1.042084168336673972e-01
1.069999999999999979e-01 1.062124248496994633e-01
1.079999999999999988e-01 1.062124248496994633e-01
1.089999999999999997e-01 1.082164328657315294e-01
1.100000000000000006e-01 1.082164328657315294e-01
1.110000000000000014e-01 1.102204408817635956e-01
1.120000000000000023e-01 1.102204408817635956e-01
1.130000000000000032e-01 1.122244488977956617e-01
1.140000000000000041e-01 1.122244488977956617e-01
1.150000000000000050e-01 1.142284569138277278e-01
1.160000000000000059e-01 1.142284569138277278e-01
1.170000000000000068e-01 1.162324649298597939e-01
1.180000000000000077e-01 1.162324649298597939e-01
1.190000000000000085e-01 1.182364729458918601e-01
1.199999999999999956e-01 1.182364729458918601e-01
1.209999999999999964e-01 1.202404809619239262e-01
1.219999999999999973e-01 1.202404809619239262e-01
1.229999999999999982e-01 1.222444889779559923e-01
1.239999999999999991e-01 1.222444889779559923e-01
1.250000000000000000e-01 1.242484969939880585e-01
1.260000000000000009e-01 1.242484969939880585e-01
1.270000000000000018e-01 1.262525050100201107e-01
1.280000000000000027e-01 1.262525050100201107e-01
1.290000000000000036e-01 1.282565130260521769e-01
1.300000000000000044e-01 1.282565130260521769e-01
1.310000000000000053e-01 1.302605210420842430e-01
1.320000000000000062e-01 1.302605210420842430e-01
1.330000000000000071e-01 1.322645290581163091e-01
1.340000000000000080e-01 1.322645290581163091e-01
1.350000000000000089e-01 1.342685370741483752e-01
1.360000000000000098e-01 1.342685370741483752e-01
1.370000000000000107e-01 1.362725450901804414e-01
1.380000000000000115e-01 1.362725450901804414e-01
1.390000000000000124e-01 1.382765531062125075e-01
1.400000000000000133e-01 1.382765531062125075e-01
1.410000000000000142e-01 1.402805611222445736e-01
1.420000000000000151e-01 1.402805611222445736e-01
1.430000000000000160e-01 1.422845691382766398e-01
1.440000000000000169e-01 1.422845691382766398e-01
1.449999999999999900e-01 1.442885771543087059e-01
1.459999999999999909e-01 1.442885771543087059e-01
1.469999999999999918e-01 1.462925851703407720e-01
1.479999999999999927e-01 1.462925851703407720e-01
1.489999999999999936e-01 1.482965931863728382e-01
1.499999999999999944e-01 1.482965931863728382e-01
1.509999999999999953e-01 1.503006012024049043e-01
1.519999999999999962e-01 1.503006012024049043e-01
1.529999999999999971e-01 1.523046092184369704e-01
1.539999999999999980e-01 1.523046092184369704e-01
1.549999999999999989e-01 1.543086172344690365e-01
1.559999999999999998e-01 1.543086172344690365e-01
1.570000000000000007e-01 1.563126252505011027e-01
1.580000000000000016e-01 1.563126252505011027e-01
1.590000000000000024e-01 1.583166332665331688e-01
1.600000000000000033e-01 1.583166332665331688e-01
1.610000000000000042e-01 1.603206412825652349e-01
1.620000000000000051e-01 1.603206412825652349e-01
1.630000000000000060e-01 1.623246492985973011e-01
1.640000000000000069e-01 1.623246492985973011e-01
1.650000000000000078e-01 1.643286573146293672e-01
1.660000000000000087e-01 1.643286573146293672e-01
1.670000000000000095e-01 1.663326653306614333e-01
1.680000000000000104e-01 1.663326653306614333e-01
1.690000000000000113e-01 1.683366733466934995e-01
1.700000000000000122e-01 1.683366733466934995e-01
1.710000000000000131e-01 1.703406813627255656e-01
1.720000000000000140e-01 1.703406813627255656e-01
1.730000000000000149e-01 1.723446893787576317e-01
1.740000000000000158e-01 1.723446893787576317e-01
1.750000000000000167e-01 1.743486973947896979e-01
1.759999999999999898e-01 1.743486973947896979e-01
1.769999999999999907e-01 1.763527054108217640e-01
1.779999999999999916e-01 1.763527054108217640e-01
1.789999999999999925e-01 1.783567134268538301e-01
1.799999999999999933e-01 1.783567134268538301e-01
1.809999999999999942e-01 1.803607214428858962e-01
1.819999999999999951e-01 1.803607214428858962e-01
1.829999999999999960e-01 1.823647294589179624e-01
1.839999999999999969e-01 1.823647294589179624e-01
1.849999999999999978e-01 1.843687374749500285e-01
1.859999999999999987e-01 1.843687374749500285e-01
1.869999999999999996e-01 1.863727454909820946e-01
1.880000000000000004e-01 1.863727454909820946e-01
1.890000000000000013e-01 1.883767535070141608e-01
1.900000000000000022e-01 1.883767535070141608e-01
1.910000000000000031e-01 1.903807615230462269e-01
1.920000000000000040e-01 1.903807615230462269e-01
1.930000000000000049e-01 1.923847695390782930e-01
1.940000000000000058e-01 1.923847695390782930e-01
1.950000000000000067e-01 1.943887775551103592e-01
1.960000000000000075e-01 1.943887775551103592e-01
1.970000000000000084e-01 1.963927855711424253e-01
1.980000000000000093e-01 1.963927855711424253e-01
1.990000000000000102e-01 1.983967935871744914e-01
2.000000000000000111e-01 1.983967935871744914e-01
2.010000000000000120e-01 2.004008016032065576e-01
2.020000000000000129e-01 2.004008016032065576e-01
2.030000000000000138e-01 2.024048096192386237e-01
2.040000000000000147e-01 2.024048096192386237e-01
2.050000000000000155e-01 2.044088176352706898e-01
2.060000000000000164e-01 2.044088176352706898e-01
2.070000000000000173e-01 2.064128256513027559e-01
2.080000000000000182e-01 2.064128256513027559e-01
2.089999999999999913e-01 2.084168336673348221e-01
2.099999999999999922e-01 2.084168336673348221e-01
2.109999999999999931e-01 2.104208416833668882e-01
2.119999999999999940e-01 2.104208416833668882e-01
2.129999999999999949e-01 2.124248496993989543e-01
2.139999999999999958e-01 2.124248496993989543e-01
2.149999999999999967e-01 2.144288577154310205e-01
2.159999999999999976e-01 2.144288577154310205e-01
2.169999999999999984e-01 2.164328657314630866e-01
2.179999999999999993e-01 2.164328657314630866e-01
2.190000000000000002e-01 2.184368737474951527e-01
2.200000000000000011e-01 2.184368737474951527e-01
2.210000000000000020e-01 2.204408817635272189e-01
2.220000000000000029e-01 2.204408817635272189e-01
2.230000000000000038e-01 2.224448897795592850e-01
2.240000000000000047e-01 2.224448897795592850e-01
2.250000000000000056e-01 2.244488977955913511e-01
2.260000000000000064e-01 2.244488977955913511e-01
2.270000000000000073e-01 2.264529058116234173e-01
2.280000000000000082e-01 2.264529058116234173e-01
2.290000000000000091e-01 2.284569138276554834e-01
2.300000000000000100e-01 2.284569138276554834e-01
2.310000000000000109e-01 2.304609218436875495e-01
2.320000000000000118e-01 2.304609218436875495e-01
2.330000000000000127e-01 2.324649298597196156e-01
2.340000000000000135e-01 2.324649298597196156e-01
2.350000000000000144e-01 2.344689378757516818e-01
2.360000000000000153e-01 2.344689378757516818e-01
2.370000000000000162e-01 2.364729458917837479e-01
2.380000000000000171e-01 2.364729458917837479e-01
2.390000000000000180e-01 2.384769539078158140e-01
2.399999999999999911e-01 2.384769539078158140e-01
2.409999999999999920e-01 2.404809619238478802e-01
2.419999999999999929e-01 2.404809619238478802e-01
2.429999999999999938e-01 2.424849699398799463e-01
2.439999999999999947e-01 2.424849699398799463e-01
2.449999999999999956e-01 2.444889779559120124e-01
2.459999999999999964e-01 2.444889779559120124e-01
2.469999999999999973e-01 2.464929859719440786e-01
2.479999999999999982e-01 2.464929859719440786e-01
2.489999999999999991e-01 2.484969939879761447e-01
2.500000000000000000e-01 2.484969939879761447e-01
2.510000000000000009e-01 2.505010020040082108e-01
2.520000000000000018e-01 2.505010020040082108e-01
2.530000000000000027e-01 2.525050100200402770e-01
2.540000000000000036e-01 2.525050100200402770e-01
2.550000000000000044e-01 2.545090180360723431e-01
2.560000000000000053e-01 2.545090180360723431e-01
2.570000000000000062e-01 2.565130260521044092e-01
2.580000000000000071e-01 2.565130260521044092e-01
2.590000000000000080e-01 2.585170340681364753e-01
2.600000000000000089e-01 2.585170340681364753e-01
2.610000000000000098e-01 2.605210420841685415e-01
2.620000000000000107e-01 2.605210420841685415e-01
2.630000000000000115e-01 2.625250501002006076e-01
2.640000000000000124e-01 2.625250501002006076e-01
2.650000000000000133e-01 2.645290581162326737e-01
2.660000000000000142e-01 2.645290581162326737e-01
2.670000000000000151e-01 2.665330661322647399e-01
2.680000000000000160e-01 2.665330661322647399e-01
2.690000000000000169e-01 2.685370741482968060e-01
2.700000000000000178e-01 2.685370741482968060e-01
2.710000000000000187e-01 2.705410821643288721e-01
2.720000000000000195e-01 2.705410821643288721e-01
2.730000000000000204e-01 2.725450901803609383e-01
2.740000000000000213e-01 2.725450901803609383e-01
2.750000000000000222e-01 2.745490981963930044e-01
2.760000000000000231e-01 2.745490981963930044e-01
2.770000000000000240e-01 2.765531062124250705e-01
2.780000000000000249e-01 2.765531062124250705e-01
2.790000000000000258e-01 2.785571142284571367e-01
2.800000000000000266e-01 2.785571142284571367e-01
2.810000000000000275e-01 2.805611222444892028e-01
2.820000000000000284e-01 2.805611222444892028e-01
2.830000000000000293e-01 2.825651302605212689e-01
2.840000000000000302e-01 2.825651302605212689e-01
2.850000000000000311e-01 2.845691382765533350e-01
2.860000000000000320e-01 2.845691382765533350e-01
2.870000000000000329e-01 2.865731462925854012e-01
2.880000000000000338e-01 2.865731462925854012e-01
2.889999999999999791e-01 2.885771543086174673e-01
2.899999999999999800e-01 2.885771543086174673e-01
2.909999999999999809e-01 2.905811623246495334e-01
2.919999999999999818e-01 2.905811623246495334e-01
2.929999999999999827e-01 2.925851703406815996e-01
2.939999999999999836e-01 2.925851703406815996e-01
2.949999999999999845e-01 2.945891783567136657e-01
2.959999999999999853e-01 2.945891783567136657e-01
2.969999999999999862e-01 2.965931863727457318e-01
2.979999999999999871e-01 2.965931863727457318e-01
2.989999999999999880e-01 2.985971943887777980e-01
2.999999999999999889e-01 2.985971943887777980e-01
3.009999999999999898e-01 3.006012024048098641e-01
3.019999999999999907e-01 3.006012024048098641e-01
3.029999999999999916e-01 3.026052104208419302e-01
3.039999999999999925e-01 3.026052104208419302e-01
3.049999999999999933e-01 3.046092184368739963e-01
3.059999999999999942e-01 3.046092184368739963e-01
3.069999999999999951e-01 3.066132264529060625e-01
3.079999999999999960e-01 3.066132264529060625e-01
3.089999999999999969e-01 3.086172344689381286e-01
3.099999999999999978e-01 3.086172344689381286e-01
3.109999999999999987e-01 3.106212424849701947e-01
3.119999999999999996e-01 3.106212424849701947e-01
3.130000000000000004e-01 3.126252505010022609e-01
3.140000000000000013e-01 3.126252505010022609e-01
3.150000000000000022e-01 3.146292585170343270e-01
3.160000000000000031e-01 3.146292585170343270e-01
3.170000000000000040e-01 3.166332665330663931e-01
3.180000000000000049e-01 3.166332665330663931e-01
3.190000000000000058e-01 3.186372745490984593e-01
3.200000000000000067e-01 3.186372745490984593e-01
3.210000000000000075e-01 3.206412825651305254e-01
3.220000000000000084e-01 3.206412825651305254e-01
3.230000000000000093e-01 3.226452905811625915e-01
3.240000000000000102e-01 3.226452905811625915e-01
3.250000000000000111e-01 3.246492985971946577e-01
3.260000000000000120e-01 3.246492985971946577e-01
3.270000000000000129e-01 3.266533066132267238e-01
3.280000000000000138e-01 3.266533066132267238e-01
3.290000000000000147e-01 3.286573146292587899e-01
3.300000000000000155e-01 3.286573146292587899e-01
3.310000000000000164e-01 3.306613226452908560e-01
3.320000000000000173e-01 3.306613226452908560e-01
3.330000000000000182e-01 3.326653306613229222e-01
3.340000000000000191e-01 3.326653306613229222e-01
3.350000000000000200e-01 3.346693386773549883e-01
3.360000000000000209e-01 3.346693386773549883e-01
3.370000000000000218e-01 3.366733466933870544e-01
3.380000000000000226e-01 3.366733466933870544e-01
3.390000000000000235e-01 3.386773547094191206e-01
3.400000000000000244e-01 3.386773547094191206e-01
3.410000000000000253e-01 3.406813627254511867e-01
3.420000000000000262e-01 3.406813627254511867e-01
3.430000000000000271e-01 3.426853707414832528e-01
3.440000000000000280e-01 3.426853707414832528e-01
3.450000000000000289e-01 3.446893787575153190e-01
3.460000000000000298e-01 3.446893787575153190e-01
3.470000000000000306e-01 3.466933867735473851e-01
3.480000000000000315e-01 3.466933867735473851e-01
3.490000000000000324e-01 3.486973947895794512e-01
3.500000000000000333e-01 3.486973947895794512e-01
3.510000000000000342e-01 3.507014028056115174e-01
3.519999999999999796e-01 3.507014028056115174e-01
3.529999999999999805e-01 3.527054108216435835e-01
3.539999999999999813e-01 3.527054108216435835e-01
3.549999999999999822e-01 3.547094188376756496e-01
3.559999999999999831e-01 3.547094188376756496e-01
3.569999999999999840e-01 3.567134268537077157e-01
3.579999999999999849e-01 3.567134268537077157e-01
3.589999999999999858e-01 3.587174348697397819e-01
3.599999999999999867e-01 3.587174348697397819e-01
3.609999999999999876e-01 3.607214428857718480e-01
3.619999999999999885e-01 3.607214428857718480e-01
3.629999999999999893e-01 3.627254509018039141e-01
3.639999999999999902e-01 3.627254509018039141e-01
3.649999999999999911e-01 3.647294589178359803e-01
3.659999999999999920e-01 3.647294589178359803e-01
3.669999999999999929e-01 3.667334669338680464e-01
3.679999999999999938e-01 3.667334669338680464e-01
3.689999999999999947e-01 3.687374749499001125e-01
3.699999999999999956e-01 3.687374749499001125e-01
3.709999999999999964e-01 3.707414829659321787e-01
3.719999999999999973e-01 3.707414829659321787e-01
3.729999999999999982e-01 3.727454909819642448e-01
3.739999999999999991e-01 3.727454909819642448e-01
3.750000000000000000e-01 3.747494989979963109e-01
3.760000000000000009e-01 3.747494989979963109e-01
3.770000000000000018e-01 3.767535070140283771e-01
3.780000000000000027e-01 3.767535070140283771e-01
3.790000000000000036e-01 3.787575150300604432e-01
3.800000000000000044e-01 3.787575150300604432e-01
3.810000000000000053e-01 3.807615230460925093e-01
3.820000000000000062e-01 3.807615230460925093e-01
3.830000000000000071e-01 3.827655310621245754e-01
3.840000000000000080e-01 3.827655310621245754e-01
3.850000000000000089e-01 3.847695390781566416e-01
3.860000000000000098e-01 3.847695390781566416e-01
3.870000000000000107e-01 3.867735470941887077e-01
3.880000000000000115e-01 3.867735470941887077e-01
3.890000000000000124e-01 3.887775551102207738e-01
3.900000000000000133e-01 3.887775551102207738e-01
3.910000000000000142e-01 3.907815631262528400e-01
3.920000000000000151e-01 3.907815631262528400e-01
3.930000000000000160e-01 3.927855711422849061e-01
3.940000000000000169e-01 3.927855711422849061e-01
3.950000000000000178e-01 3.947895791583169722e-01
3.960000000000000187e-01 3.947895791583169722e-01
3.970000000000000195e-01 3.967935871743490384e-01
3.980000000000000204e-01 3.967935871743490384e-01
3.990000000000000213e-01 3.987975951903811045e-01
4.000000000000000222e-01 3.987975951903811045e-01
4.010000000000000231e-01 4.008016032064131706e-01
4.020000000000000240e-01 4.008016032064131706e-01
4.030000000000000249e-01 4.028056112224452368e-01
4.040000000000000258e-01 4.028056112224452368e-01
4.050000000000000266e-01 4.048096192384773029e-01
4.060000000000000275e-01 4.048096192384773029e-01
4.070000000000000284e-01 4.068136272545093690e-01
4.080000000000000293e-01 4.068136272545093690e-01
4.090000000000000302e-01 4.088176352705414351e-01
4.100000000000000311e-01 4.088176352705414351e-01
4.110000000000000320e-01 4.108216432865735013e-01
4.120000000000000329e-01 4.108216432865735013e-01
4.130000000000000338e-01 4.128256513026055674e-01
4.140000000000000346e-01 4.128256513026055674e-01
4.150000000000000355e-01 4.148296593186376335e-01
4.160000000000000364e-01 4.148296593186376335e-01
4.169999999999999818e-01 4.168336673346696997e-01
4.179999999999999827e-01 4.168336673346696997e-01
4.189999999999999836e-01 4.188376753507017658e-01
4.199999999999999845e-01 4.188376753507017658e-01
4.209999999999999853e-01 4.208416833667338319e-01
4.219999999999999862e-01 4.208416833667338319e-01
4.229999999999999871e-01 4.228456913827658981e-01
4.239999999999999880e-01 4.228456913827658981e-01
4.249999999999999889e-01 4.248496993987979642e-01
4.259999999999999898e-01 4.248496993987979642e-01
4.269999999999999907e-01 4.268537074148300303e-01
4.279999999999999916e-01 4.268537074148300303e-01
4.289999999999999925e-01 4.288577154308620965e-01
4.299999999999999933e-01 4.288577154308620965e-01
4.309999999999999942e-01 4.308617234468941626e-01
4.319999999999999951e-01 4.308617234468941626e-01
4.329999999999999960e-01 4.328657314629262287e-01
4.339999999999999969e-01 4.328657314629262287e-01
4.349999999999999978e-01 4.348697394789582948e-01
4.359999999999999987e-01 4.348697394789582948e-01
4.369999999999999996e-01 4.368737474949903610e-01
4.380000000000000004e-01 4.368737474949903610e-01
4.390000000000000013e-01 4.388777555110224271e-01
4.400000000000000022e-01 4.388777555110224271e-01
4.410000000000000031e-01 4.408817635270544932e-01
4.420000000000000040e-01 4.408817635270544932e-01
4.430000000000000049e-01 4.428857715430865594e-01
4.440000000000000058e-01 4.428857715430865594e-01
4.450000000000000067e-01 4.448897795591186255e-01
4.460000000000000075e-01 4.448897795591186255e-01
4.470000000000000084e-01 4.468937875751506916e-01
4.480000000000000093e-01 4.468937875751506916e-01
4.490000000000000102e-01 4.488977955911827578e-01
4.500000000000000111e-01 4.488977955911827578e-01
4.510000000000000120e-01 4.509018036072148239e-01
4.520000000000000129e-01 4.509018036072148239e-01
4.530000000000000138e-01 4.529058116232468900e-01
4.540000000000000147e-01 4.529058116232468900e-01
4.550000000000000155e-01 4.549098196392789561e-01
4.560000000000000164e-01 4.549098196392789561e-01
4.570000000000000173e-01 4.569138276553110223e-01
4.580000000000000182e-01 4.569138276553110223e-01
4.590000000000000191e-01 4.589178356713430884e-01
4.600000000000000200e-01 4.589178356713430884e-01
4.610000000000000209e-01 4.609218436873751545e-01
4.620000000000000218e-01 4.609218436873751545e-01
4.630000000000000226e-01 4.629258517034072207e-01
4.640000000000000235e-01 4.629258517034072207e-01
4.650000000000000244e-01 4.649298597194392868e-01
4.660000000000000253e-01 4.649298597194392868e-01
4.670000000000000262e-01 4.669338677354713529e-01
4.680000000000000271e-01 4.669338677354713529e-01
4.690000000000000280e-01 4.689378757515034191e-01
4.700000000000000289e-01 4.689378757515034191e-01
4.710000000000000298e-01 4.709418837675354852e-01
4.720000000000000306e-01 4.709418837675354852e-01
4.730000000000000315e-01 4.729458917835675513e-01
4.740000000000000324e-01 4.729458917835675513e-01
4.750000000000000333e-01 4.749498997995996175e-01
4.760000000000000342e-01 4.749498997995996175e-01
4.770000000000000351e-01 4.769539078156316836e-01
4.780000000000000360e-01 4.769539078156316836e-01
4.790000000000000369e-01 4.789579158316637497e-01
4.799999999999999822e-01 4.789579158316637497e-01
4.809999999999999831e-01 4.809619238476958158e-01
4.819999999999999840e-01 4.809619238476958158e-01
4.829999999999999849e-01 4.829659318637278820e-01
4.839999999999999858e-01 4.829659318637278820e-01
4.849999999999999867e-01 4.849699398797599481e-01
4.859999999999999876e-01 4.849699398797599481e-01
4.869999999999999885e-01 4.869739478957920142e-01
4.879999999999999893e-01 4.869739478957920142e-01
4.889999999999999902e-01 4.889779559118240804e-01
4.899999999999999911e-01 4.889779559118240804e-01
4.909999999999999920e-01 4.909819639278561465e-01
4.919999999999999929e-01 4.909819639278561465e-01
4.929999999999999938e-01 4.929859719438882126e-01
4.939999999999999947e-01 4.929859719438882126e-01
4.949999999999999956e-01 4.949899799599202788e-01
4.959999999999999964e-01 4.949899799599202788e-01
4.969999999999999973e-01 4.969939879759523449e-01
4.979999999999999982e-01 4.969939879759523449e-01
4.989999999999999991e-01 4.989979959919844110e-01
5.000000000000000000e-01 4.989979959919844110e-01
5.010000000000000009e-01 5.010020040080164216e-01
5.020000000000000018e-01 5.010020040080164216e-01
5.030000000000000027e-01 5.030060120240484878e-01
5.040000000000000036e-01 5.030060120240484878e-01
5.050000000000000044e-01 5.050100200400805539e-01
5.060000000000000053e-01 5.050100200400805539e-01
5.070000000000000062e-01 5.070140280561126200e-01
5.080000000000000071e-01 5.070140280561126200e-01
5.090000000000000080e-01 5.090180360721446862e-01
5.100000000000000089e-01 5.090180360721446862e-01
5.110000000000000098e-01 5.110220440881767523e-01
5.120000000000000107e-01 5.110220440881767523e-01
5.130000000000000115e-01 5.130260521042088184e-01
5.140000000000000124e-01 5.130260521042088184e-01
5.150000000000000133e-01 5.150300601202408846e-01
5.160000000000000142e-01 5.150300601202408846e-01
5.170000000000000151e-01 5.170340681362729507e-01
5.180000000000000160e-01 5.170340681362729507e-01
5.190000000000000169e-01 5.190380761523050168e-01
5.200000000000000178e-01 5.190380761523050168e-01
5.210000000000000187e-01 5.210420841683370830e-01
5.220000000000000195e-01 5.210420841683370830e-01
5.230000000000000204e-01 5.230460921843691491e-01
5.240000000000000213e-01 5.230460921843691491e-01
5.250000000000000222e-01 5.250501002004012152e-01
5.260000000000000231e-01 5.250501002004012152e-01
5.270000000000000240e-01 5.270541082164332813e-01
5.280000000000000249e-01 5.270541082164332813e-01
5.290000000000000258e-01 5.290581162324653475e-01
5.300000000000000266e-01 5.290581162324653475e-01
5.310000000000000275e-01 5.310621242484974136e-01
5.320000000000000284e-01 5.310621242484974136e-01
5.330000000000000293e-01 5.330661322645294797e-01
5.340000000000000302e-01 5.330661322645294797e-01
5.350000000000000311e-01 5.350701402805615459e-01
5.360000000000000320e-01 5.350701402805615459e-01
5.370000000000000329e-01 5.370741482965936120e-01
5.380000000000000338e-01 5.370741482965936120e-01
5.390000000000000346e-01 5.390781563126256781e-01
5.400000000000000355e-01 5.390781563126256781e-01
5.410000000000000364e-01 5.410821643286577443e-01
5.420000000000000373e-01 5.410821643286577443e-01
5.430000000000000382e-01 5.430861723446898104e-01
5.440000000000000391e-01 5.430861723446898104e-01
5.450000000000000400e-01 5.450901803607218765e-01
5.460000000000000409e-01 5.450901803607218765e-01
5.470000000000000417e-01 5.470941883767539426e-01
5.480000000000000426e-01 5.470941883767539426e-01
5.490000000000000435e-01 5.490981963927860088e-01
5.500000000000000444e-01 5.490981963927860088e-01
5.510000000000000453e-01 5.511022044088180749e-01
5.520000000000000462e-01 5.511022044088180749e-01
5.530000000000000471e-01 5.531062124248501410e-01
5.540000000000000480e-01 5.531062124248501410e-01
5.550000000000000488e-01 5.551102204408822072e-01
5.560000000000000497e-01 5.551102204408822072e-01
5.570000000000000506e-01 5.571142284569142733e-01
5.580000000000000515e-01 5.571142284569142733e-01
5.590000000000000524e-01 5.591182364729463394e-01
5.600000000000000533e-01 5.591182364729463394e-01
5.610000000000000542e-01 5.611222444889784056e-01
5.620000000000000551e-01 5.611222444889784056e-01
5.630000000000000560e-01 5.631262525050104717e-01
5.640000000000000568e-01 5.631262525050104717e-01
5.650000000000000577e-01 5.651302605210425378e-01
5.660000000000000586e-01 5.651302605210425378e-01
5.670000000000000595e-01 5.671342685370746040e-01
5.680000000000000604e-01 5.671342685370746040e-01
5.690000000000000613e-01 5.691382765531066701e-01
5.700000000000000622e-01 5.691382765531066701e-01
5.710000000000000631e-01 5.711422845691387362e-01
5.720000000000000639e-01 5.711422845691387362e-01
5.730000000000000648e-01 5.731462925851708023e-01
5.740000000000000657e-01 5.731462925851708023e-01
5.750000000000000666e-01 5.751503006012028685e-01
5.760000000000000675e-01 5.751503006012028685e-01
5.769999999999999574e-01 5.771543086172349346e-01
5.779999999999999583e-01 5.771543086172349346e-01
5.789999999999999591e-01 5.791583166332670007e-01
5.799999999999999600e-01 5.791583166332670007e-01
5.809999999999999609e-01 5.811623246492990669e-01
5.819999999999999618e-01 5.811623246492990669e-01
5.829999999999999627e-01 5.831663326653311330e-01
5.839999999999999636e-01 5.831663326653311330e-01
5.849999999999999645e-01 5.851703406813631991e-01
5.859999999999999654e-01 5.851703406813631991e-01
5.869999999999999662e-01 5.871743486973952653e-01
5.879999999999999671e-01 5.871743486973952653e-01
5.889999999999999680e-01 5.891783567134273314e-01
5.899999999999999689e-01 5.891783567134273314e-01
5.909999999999999698e-01 5.911823647294593975e-01
5.919999999999999707e-01 5.911823647294593975e-01
5.929999999999999716e-01 5.931863727454914637e-01
5.939999999999999725e-01 5.931863727454914637e-01
5.949999999999999734e-01 5.951903807615235298e-01
5.959999999999999742e-01 5.951903807615235298e-01
5.969999999999999751e-01 5.971943887775555959e-01
5.979999999999999760e-01 5.971943887775555959e-01
5.989999999999999769e-01 5.991983967935876620e-01
5.999999999999999778e-01 5.991983967935876620e-01
6.009999999999999787e-01 6.012024048096197282e-01
6.019999999999999796e-01 6.012024048096197282e-01
6.029999999999999805e-01 6.032064128256517943e-01
6.039999999999999813e-01 6.032064128256517943e-01
6.049999999999999822e-01 6.052104208416838604e-01
6.059999999999999831e-01 6.052104208416838604e-01
6.069999999999999840e-01 6.072144288577159266e-01
6.079999999999999849e-01 6.072144288577159266e-01
6.089999999999999858e-01 6.092184368737479927e-01
6.099999999999999867e-01 6.092184368737479927e-01
6.109999999999999876e-01 6.112224448897800588e-01
6.119999999999999885e-01 6.112224448897800588e-01
6.129999999999999893e-01 6.132264529058121250e-01
6.139999999999999902e-01 6.132264529058121250e-01
6.149999999999999911e-01 6.152304609218441911e-01
6.159999999999999920e-01 6.152304609218441911e-01
6.169999999999999929e-01 6.172344689378762572e-01
6.179999999999999938e-01 6.172344689378762572e-01
6.189999999999999947e-01 6.192384769539083234e-01
6.199999999999999956e-01 6.192384769539083234e-01
6.209999999999999964e-01 6.212424849699403895e-01
6.219999999999999973e-01 6.212424849699403895e-01
6.229999999999999982e-01 6.232464929859724556e-01
6.239999999999999991e-01 6.232464929859724556e-01
6.250000000000000000e-01 6.252505010020045217e-01
6.260000000000000009e-01 6.252505010020045217e-01
6.270000000000000018e-01 6.272545090180365879e-01
6.280000000000000027e-01 6.272545090180365879e-01
6.290000000000000036e-01 6.292585170340686540e-01
6.300000000000000044e-01 6.292585170340686540e-01
6.310000000000000053e-01 6.312625250501007201e-01
6.320000000000000062e-01 6.312625250501007201e-01
6.330000000000000071e-01 6.332665330661327863e-01
6.340000000000000080e-01 6.332665330661327863e-01
6.350000000000000089e-01 6.352705410821648524e-01
6.360000000000000098e-01 6.352705410821648524e-01
6.370000000000000107e-01 6.372745490981969185e-01
6.380000000000000115e-01 6.372745490981969185e-01
6.390000000000000124e-01 6.392785571142289847e-01
6.400000000000000133e-01 6.392785571142289847e-01
6.410000000000000142e-01 6.412825651302610508e-01
6.420000000000000151e-01 6.412825651302610508e-01
6.430000000000000160e-01 6.432865731462931169e-01
6.440000000000000169e-01 6.432865731462931169e-01
6.450000000000000178e-01 6.452905811623251831e-01
6.460000000000000187e-01 6.452905811623251831e-01
6.470000000000000195e-01 6.472945891783572492e-01
6.480000000000000204e-01 6.472945891783572492e-01
6.490000000000000213e-01 6.492985971943893153e-01
6.500000000000000222e-01 6.492985971943893153e-01
6.510000000000000231e-01 6.513026052104213814e-01
6.520000000000000240e-01 6.513026052104213814e-01
6.530000000000000249e-01 6.533066132264534476e-01
6.540000000000000258e-01 6.533066132264534476e-01
6.550000000000000266e-01 6.553106212424855137e-01
6.560000000000000275e-01 6.553106212424855137e-01
6.570000000000000284e-01 6.573146292585175798e-01
6.580000000000000293e-01 6.573146292585175798e-01
6.590000000000000302e-01 6.593186372745496460e-01
6.600000000000000311e-01 6.593186372745496460e-01
6.610000000000000320e-01 6.613226452905817121e-01
6.620000000000000329e-01 6.613226452905817121e-01
6.630000000000000338e-01 6.633266533066137782e-01
6.640000000000000346e-01 6.633266533066137782e-01
6.650000000000000355e-01 6.653306613226458444e-01
6.660000000000000364e-01 6.653306613226458444e-01
6.670000000000000373e-01 6.673346693386779105e-01
6.680000000000000382e-01 6.673346693386779105e-01
6.690000000000000391e-01 6.693386773547099766e-01
6.700000000000000400e-01 6.693386773547099766e-01
6.710000000000000409e-01 6.713426853707420427e-01
6.720000000000000417e-01 6.713426853707420427e-01
6.730000000000000426e-01 6.733466933867741089e-01
6.740000000000000435e-01 6.733466933867741089e-01
6.750000000000000444e-01 6.753507014028061750e-01
6.760000000000000453e-01 6.753507014028061750e-01
6.770000000000000462e-01 6.773547094188382411e-01
6.780000000000000471e-01 6.773547094188382411e-01
6.790000000000000480e-01 6.793587174348703073e-01
6.800000000000000488e-01 6.793587174348703073e-01
6.810000000000000497e-01 6.813627254509023734e-01
6.820000000000000506e-01 6.813627254509023734e-01
6.830000000000000515e-01 6.833667334669344395e-01
6.840000000000000524e-01 6.833667334669344395e-01
6.850000000000000533e-01 6.853707414829665057e-01
6.860000000000000542e-01 6.853707414829665057e-01
6.870000000000000551e-01 6.873747494989985718e-01
6.880000000000000560e-01 6.873747494989985718e-01
6.890000000000000568e-01 6.893787575150306379e-01
6.900000000000000577e-01 6.893787575150306379e-01
6.910000000000000586e-01 6.913827655310627041e-01
6.920000000000000595e-01 6.913827655310627041e-01
6.930000000000000604e-01 6.933867735470947702e-01
6.940000000000000613e-01 6.933867735470947702e-01
6.950000000000000622e-01 6.953907815631268363e-01
6.960000000000000631e-01 6.953907815631268363e-01
6.970000000000000639e-01 6.973947895791589024e-01
6.980000000000000648e-01 6.973947895791589024e-01
6.990000000000000657e-01 6.993987975951909686e-01
7.000000000000000666e-01 6.993987975951909686e-01
7.010000000000000675e-01 7.014028056112230347e-01
7.020000000000000684e-01 7.014028056112230347e-01
7.030000000000000693e-01 7.034068136272551008e-01
7.039999999999999591e-01 7.034068136272551008e-01
7.049999999999999600e-01 7.054108216432871670e-01
7.059999999999999609e-01 7.054108216432871670e-01
7.069999999999999618e-01 7.074148296593192331e-01
7.079999999999999627e-01 7.074148296593192331e-01
7.089999999999999636e-01 7.094188376753512992e-01
7.099999999999999645e-01 7.094188376753512992e-01
7.109999999999999654e-01 7.114228456913833654e-01
7.119999999999999662e-01 7.114228456913833654e-01
7.129999999999999671e-01 7.134268537074154315e-01
7.139999999999999680e-01 7.134268537074154315e-01
7.149999999999999689e-01 7.154308617234474976e-01
7.159999999999999698e-01 7.154308617234474976e-01
7.169999999999999707e-01 7.174348697394795638e-01
7.179999999999999716e-01 7.174348697394795638e-01
7.189999999999999725e-01 7.194388777555116299e-01
7.199999999999999734e-01 7.194388777555116299e-01
7.209999999999999742e-01 7.214428857715436960e-01
7.219999999999999751e-01 7.214428857715436960e-01
7.229999999999999760e-01 7.234468937875757621e-01
7.239999999999999769e-01 7.234468937875757621e-01
7.249999999999999778e-01 7.254509018036078283e-01
7.259999999999999787e-01 7.254509018036078283e-01
7.269999999999999796e-01 7.274549098196398944e-01
7.279999999999999805e-01 7.274549098196398944e-01
7.289999999999999813e-01 7.294589178356719605e-01
7.299999999999999822e-01 7.294589178356719605e-01
7.309999999999999831e-01 7.314629258517040267e-01
7.319999999999999840e-01 7.314629258517040267e-01
7.329999999999999849e-01 7.334669338677360928e-01
7.339999999999999858e-01 7.334669338677360928e-01
7.349999999999999867e-01 7.354709418837681589e-01
7.359999999999999876e-01 7.354709418837681589e-01
7.369999999999999885e-01 7.374749498998002251e-01
7.379999999999999893e-01 7.374749498998002251e-01
7.389999999999999902e-01 7.394789579158322912e-01
7.399999999999999911e-01 7.394789579158322912e-01
7.409999999999999920e-01 7.414829659318643573e-01
7.419999999999999929e-01 7.414829659318643573e-01
7.429999999999999938e-01 7.434869739478964235e-01
7.439999999999999947e-01 7.434869739478964235e-01
7.449999999999999956e-01 7.454909819639284896e-01
7.459999999999999964e-01 7.454909819639284896e-01
7.469999999999999973e-01 7.474949899799605557e-01
7.479999999999999982e-01 7.474949899799605557e-01
7.489999999999999991e-01 7.494989979959926218e-01
7.500000000000000000e-01 7.494989979959926218e-01
7.510000000000000009e-01 7.515030060120246880e-01
7.520000000000000018e-01 7.515030060120246880e-01
7.530000000000000027e-01 7.535070140280567541e-01
7.540000000000000036e-01 7.535070140280567541e-01
7.550000000000000044e-01 7.555110220440888202e-01
7.560000000000000053e-01 7.555110220440888202e-01
7.570000000000000062e-01 7.575150300601208864e-01
7.580000000000000071e-01 7.575150300601208864e-01
7.590000000000000080e-01 7.595190380761529525e-01
7.600000000000000089e-01 7.595190380761529525e-01
7.610000000000000098e-01 7.615230460921850186e-01
7.620000000000000107e-01 7.615230460921850186e-01
7.630000000000000115e-01 7.635270541082170848e-01
7.640000000000000124e-01 7.635270541082170848e-01
7.650000000000000133e-01 7.655310621242491509e-01
7.660000000000000142e-01 7.655310621242491509e-01
7.670000000000000151e-01 7.675350701402812170e-01
7.680000000000000160e-01 7.675350701402812170e-01
7.690000000000000169e-01 7.695390781563132832e-01
7.700000000000000178e-01 7.695390781563132832e-01
7.710000000000000187e-01 7.715430861723453493e-01
7.720000000000000195e-01 7.715430861723453493e-01
7.730000000000000204e-01 7.735470941883774154e-01
7.740000000000000213e-01 7.735470941883774154e-01
7.750000000000000222e-01 7.755511022044094815e-01
7.760000000000000231e-01 7.755511022044094815e-01
7.770000000000000240e-01 7.775551102204415477e-01
7.780000000000000249e-01 7.775551102204415477e-01
7.790000000000000258e-01 7.795591182364736138e-01
7.800000000000000266e-01 7.795591182364736138e-01
7.810000000000000275e-01 7.815631262525056799e-01
7.820000000000000284e-01 7.815631262525056799e-01
7.830000000000000293e-01 7.835671342685377461e-01
7.840000000000000302e-01 7.835671342685377461e-01
7.850000000000000311e-01 7.855711422845698122e-01
7.860000000000000320e-01 7.855711422845698122e-01
7.870000000000000329e-01 7.875751503006018783e-01
7.880000000000000338e-01 7.875751503006018783e-01
7.890000000000000346e-01 7.895791583166339445e-01
7.900000000000000355e-01 7.895791583166339445e-01
7.910000000000000364e-01 7.915831663326660106e-01
7.920000000000000373e-01 7.915831663326660106e-01
7.930000000000000382e-01 7.935871743486980767e-01
7.940000000000000391e-01 7.935871743486980767e-01
7.950000000000000400e-01 7.955911823647301429e-01
7.960000000000000409e-01 7.955911823647301429e-01
7.970000000000000417e-01 7.975951903807622090e-01
7.980000000000000426e-01 7.975951903807622090e-01
7.990000000000000435e-01 7.995991983967942751e-01
8.000000000000000444e-01 7.995991983967942751e-01
8.010000000000000453e-01 8.016032064128263412e-01
8.020000000000000462e-01 8.016032064128263412e-01
8.030000000000000471e-01 8.036072144288584074e-01
8.040000000000000480e-01 8.036072144288584074e-01
8.050000000000000488e-01 8.056112224448904735e-01
8.060000000000000497e-01 8.056112224448904735e-01
8.070000000000000506e-01 8.076152304609225396e-01
8.080000000000000515e-01 8.076152304609225396e-01
8.090000000000000524e-01 8.096192384769546058e-01
8.100000000000000533e-01 8.096192384769546058e-01
8.110000000000000542e-01 8.116232464929866719e-01
8.120000000000000551e-01 8.116232464929866719e-01
8.130000000000000560e-01 8.136272545090187380e-01
8.140000000000000568e-01 8.136272545090187380e-01
8.150000000000000577e-01 8.156312625250508042e-01
8.160000000000000586e-01 8.156312625250508042e-01
8.170000000000000595e-01 8.176352705410828703e-01
8.180000000000000604e-01 8.176352705410828703e-01
8.190000000000000613e-01 8.196392785571149364e-01
8.200000000000000622e-01 8.196392785571149364e-01
8.210000000000000631e-01 8.216432865731470025e-01
8.220000000000000639e-01 8.216432865731470025e-01
8.230000000000000648e-01 8.236472945891790687e-01
8.240000000000000657e-01 8.236472945891790687e-01
8.250000000000000666e-01 8.256513026052111348e-01
8.260000000000000675e-01 8.256513026052111348e-01
8.270000000000000684e-01 8.276553106212432009e-01
8.280000000000000693e-01 8.276553106212432009e-01
8.290000000000000702e-01 8.296593186372752671e-01
8.300000000000000711e-01 8.296593186372752671e-01
8.310000000000000719e-01 8.316633266533073332e-01
8.320000000000000728e-01 8.316633266533073332e-01
8.329999999999999627e-01 8.336673346693393993e-01
8.339999999999999636e-01 8.336673346693393993e-01
8.349999999999999645e-01 8.356713426853714655e-01
8.359999999999999654e-01 8.356713426853714655e-01
8.369999999999999662e-01 8.376753507014035316e-01
8.379999999999999671e-01 8.376753507014035316e-01
8.389999999999999680e-01 8.396793587174355977e-01
8.399999999999999689e-01 8.396793587174355977e-01
8.409999999999999698e-01 8.416833667334676639e-01
8.419999999999999707e-01 8.416833667334676639e-01
8.429999999999999716e-01 8.436873747494997300e-01
8.439999999999999725e-01 8.436873747494997300e-01
8.449999999999999734e-01 8.456913827655317961e-01
8.459999999999999742e-01 8.456913827655317961e-01
8.469999999999999751e-01 8.476953907815638622e-01
8.479999999999999760e-01 8.476953907815638622e-01
8.489999999999999769e-01 8.496993987975959284e-01
8.499999999999999778e-01 8.496993987975959284e-01
8.509999999999999787e-01 8.517034068136279945e-01
8.519999999999999796e-01 8.517034068136279945e-01
8.529999999999999805e-01 8.537074148296600606e-01
8.539999999999999813e-01 8.537074148296600606e-01
8.549999999999999822e-01 8.557114228456921268e-01
8.559999999999999831e-01 8.557114228456921268e-01
8.569999999999999840e-01 8.577154308617241929e-01
8.579999999999999849e-01 8.577154308617241929e-01
8.589999999999999858e-01 8.597194388777562590e-01
8.599999999999999867e-01 8.597194388777562590e-01
8.609999999999999876e-01 8.617234468937883252e-01
8.619999999999999885e-01 8.617234468937883252e-01
8.629999999999999893e-01 8.637274549098203913e-01
8.639999999999999902e-01 8.637274549098203913e-01
8.649999999999999911e-01 8.657314629258524574e-01
8.659999999999999920e-01 8.657314629258524574e-01
8.669999999999999929e-01 8.677354709418845236e-01
8.679999999999999938e-01 8.677354709418845236e-01
8.689999999999999947e-01 8.697394789579165897e-01
8.699999999999999956e-01 8.697394789579165897e-01
8.709999999999999964e-01 8.717434869739486558e-01
8.719999999999999973e-01 8.717434869739486558e-01
8.729999999999999982e-01 8.737474949899807219e-01
8.739999999999999991e-01 8.737474949899807219e-01
8.750000000000000000e-01 8.757515030060127881e-01
8.760000000000000009e-01 8.757515030060127881e-01
8.770000000000000018e-01 8.777555110220448542e-01
8.780000000000000027e-01 8.777555110220448542e-01
8.790000000000000036e-01 8.797595190380769203e-01
8.800000000000000044e-01 8.797595190380769203e-01
8.810000000000000053e-01 8.817635270541089865e-01
8.820000000000000062e-01 8.817635270541089865e-01
8.830000000000000071e-01 8.837675350701410526e-01
8.840000000000000080e-01 8.837675350701410526e-01
8.850000000000000089e-01 8.857715430861731187e-01
8.860000000000000098e-01 8.857715430861731187e-01
8.870000000000000107e-01 8.877755511022051849e-01
8.880000000000000115e-01 8.877755511022051849e-01
8.890000000000000124e-01 8.897795591182372510e-01
8.900000000000000133e-01 8.897795591182372510e-01
8.910000000000000142e-01 8.917835671342693171e-01
8.920000000000000151e-01 8.917835671342693171e-01
8.930000000000000160e-01 8.937875751503013833e-01
8.940000000000000169e-01 8.937875751503013833e-01
8.950000000000000178e-01 8.957915831663334494e-01
8.960000000000000187e-01 8.957915831663334494e-01
8.970000000000000195e-01 8.977955911823655155e-01
8.980000000000000204e-01 8.977955911823655155e-01
8.990000000000000213e-01 8.997995991983975816e-01
9.000000000000000222e-01 8.997995991983975816e-01
9.010000000000000231e-01 9.018036072144296478e-01
9.020000000000000240e-01 9.018036072144296478e-01
9.030000000000000249e-01 9.038076152304617139e-01
9.040000000000000258e-01 9.038076152304617139e-01
9.050000000000000266e-01 9.058116232464937800e-01
9.060000000000000275e-01 9.058116232464937800e-01
9.070000000000000284e-01 9.078156312625258462e-01
9.080000000000000293e-01 9.078156312625258462e-01
9.090000000000000302e-01 9.098196392785579123e-01
9.100000000000000311e-01 9.098196392785579123e-01
9.110000000000000320e-01 9.118236472945899784e-01
9.120000000000000329e-01 9.118236472945899784e-01
9.130000000000000338e-01 9.138276553106220446e-01
9.140000000000000346e-01 9.138276553106220446e-01
9.150000000000000355e-01 9.158316633266541107e-01
9.160000000000000364e-01 9.158316633266541107e-01
9.170000000000000373e-01 9.178356713426861768e-01
9.180000000000000382e-01 9.178356713426861768e-01
9.190000000000000391e-01 9.198396793587182430e-01
9.200000000000000400e-01 9.198396793587182430e-01
9.210000000000000409e-01 9.218436873747503091e-01
9.220000000000000417e-01 9.218436873747503091e-01
9.230000000000000426e-01 9.238476953907823752e-01
9.240000000000000435e-01 9.238476953907823752e-01
9.250000000000000444e-01 9.258517034068144413e-01
9.260000000000000453e-01 9.258517034068144413e-01
9.270000000000000462e-01 9.278557114228465075e-01
9.280000000000000471e-01 9.278557114228465075e-01
9.290000000000000480e-01 9.298597194388785736e-01
9.300000000000000488e-01 9.298597194388785736e-01
9.310000000000000497e-01 9.318637274549106397e-01
9.320000000000000506e-01 9.318637274549106397e-01
9.330000000000000515e-01 9.338677354709427059e-01
9.340000000000000524e-01 9.338677354709427059e-01
9.350000000000000533e-01 9.358717434869747720e-01
9.360000000000000542e-01 9.358717434869747720e-01
9.370000000000000551e-01 9.378757515030068381e-01
9.380000000000000560e-01 9.378757515030068381e-01
9.390000000000000568e-01 9.398797595190389043e-01
9.400000000000000577e-01 9.398797595190389043e-01
9.410000000000000586e-01 9.418837675350709704e-01
9.420000000000000595e-01 9.418837675350709704e-01
9.430000000000000604e-01 9.438877755511030365e-01
9.440000000000000613e-01 9.438877755511030365e-01
9.450000000000000622e-01 9.458917835671351027e-01
9.460000000000000631e-01 9.458917835671351027e-01
9.470000000000000639e-01 9.478957915831671688e-01
9.480000000000000648e-01 9.478957915831671688e-01
9.490000000000000657e-01 9.498997995991992349e-01
9.500000000000000666e-01 9.498997995991992349e-01
9.510000000000000675e-01 9.519038076152313010e-01
9.520000000000000684e-01 9.519038076152313010e-01
9.530000000000000693e-01 9.539078156312633672e-01
9.540000000000000702e-01 9.539078156312633672e-01
9.550000000000000711e-01 9.559118236472954333e-01
9.560000000000000719e-01 9.559118236472954333e-01
9.570000000000000728e-01 9.579158316633274994e-01
9.580000000000000737e-01 9.579158316633274994e-01
9.590000000000000746e-01 9.599198396793595656e-01
9.599999999999999645e-01 9.599198396793595656e-01
9.609999999999999654e-01 9.619238476953916317e-01
9.619999999999999662e-01 9.619238476953916317e-01
9.629999999999999671e-01 9.639278557114236978e-01
9.639999999999999680e-01 9.639278557114236978e-01
9.649999999999999689e-01 9.659318637274557640e-01
9.659999999999999698e-01 9.659318637274557640e-01
9.669999999999999707e-01 9.679358717434878301e-01
9.679999999999999716e-01 9.679358717434878301e-01
9.689999999999999725e-01 9.699398797595198962e-01
9.699999999999999734e-01 9.699398797595198962e-01
9.709999999999999742e-01 9.719438877755519623e-01
9.719999999999999751e-01 9.719438877755519623e-01
9.729999999999999760e-01 9.739478957915840285e-01
9.739999999999999769e-01 9.739478957915840285e-01
9.749999999999999778e-01 9.759519038076160946e-01
9.759999999999999787e-01 9.759519038076160946e-01
9.769999999999999796e-01 9.779559118236481607e-01
9.779999999999999805e-01 9.779559118236481607e-01
9.789999999999999813e-01 9.799599198396802269e-01
9.799999999999999822e-01 9.799599198396802269e-01
9.809999999999999831e-01 9.819639278557122930e-01
9.819999999999999840e-01 9.819639278557122930e-01
9.829999999999999849e-01 9.839679358717443591e-01
9.839999999999999858e-01 9.839679358717443591e-01
9.849999999999999867e-01 9.859719438877764253e-01
9.859999999999999876e-01 9.859719438877764253e-01
9.869999999999999885e-01 9.879759519038084914e-01
9.879999999999999893e-01 9.879759519038084914e-01
9.889999999999999902e-01 9.899799599198405575e-01
9.899999999999999911e-01 9.899799599198405575e-01
9.909999999999999920e-01 9.919839679358726237e-01
9.919999999999999929e-01 9.919839679358726237e-01
9.929999999999999938e-01 9.939879759519046898e-01
9.939999999999999947e-01 9.939879759519046898e-01
9.949999999999999956e-01 9.959919839679367559e-01
9.959999999999999964e-01 9.959919839679367559e-01
9.969999999999999973e-01 9.979959919839688220e-01
9.979999999999999982e-01 9.979959919839688220e-01
9.989999999999999991e-01 1.000000000000000888e+00
1.000000000000000000e+00 1.000000000000000888e+00
