0.000000000000000000e+00 0.000000000000000000e+00
5.000000000000000278e-02 0.000000000000000000e+00
1.000000000000000056e-01 0.000000000000000000e+00
1.500000000000000222e-01 1.111111111111111049e-01
2.000000000000000111e-01 1.111111111111111049e-01
2.500000000000000000e-01 2.222222222222222099e-01
3.000000000000000444e-01 2.222222222222222099e-01
3.500000000000000333e-01 3.333333333333333148e-01
4.000000000000000222e-01 3.333333333333333148e-01
4.500000000000000111e-01 4.444444444444444198e-01
5.000000000000000000e-01 4.444444444444444198e-01
5.500000000000000444e-01 5.555555555555555802e-01
6.000000000000000888e-01 5.555555555555555802e-01
6.500000000000000222e-01 6.666666666666667407e-01
7.000000000000000666e-01 6.666666666666667407e-01
7.500000000000000000e-01 7.777777777777779011e-01
8.000000000000000444e-01 7.777777777777779011e-01
8.500000000000000888e-01 8.888888888888890616e-01
9.000000000000000222e-01 8.888888888888890616e-01
9.500000000000000666e-01 1.000000000000000222e+00
1.000000000000000000e+00 1.000000000000000222e+00
