0.000000000000000000e+00 0.000000000000000000e+00
2.500000000000000139e-02 0.000000000000000000e+00
5.000000000000000278e-02 0.000000000000000000e+00
7.500000000000001110e-02 5.263157894736841813e-02
1.000000000000000056e-01 5.263157894736841813e-02
1.250000000000000000e-01 1.052631578947368363e-01
1.500000000000000222e-01 1.052631578947368363e-01
1.750000000000000167e-01 1.578947368421052544e-01
2.000000000000000111e-01 1.578947368421052544e-01
2.250000000000000056e-01 2.105263157894736725e-01
2.500000000000000000e-01 2.105263157894736725e-01
2.750000000000000222e-01 2.631578947368420907e-01
3.000000000000000444e-01 2.631578947368420907e-01
3.250000000000000111e-01 3.157894736842105088e-01
3.500000000000000333e-01 3.157894736842105088e-01
3.750000000000000000e-01 3.684210526315789269e-01
4.000000000000000222e-01 3.684210526315789269e-01
4.250000000000000444e-01 4.210526315789473450e-01
4.500000000000000111e-01 4.210526315789473450e-01
4.750000000000000333e-01 4.736842105263157632e-01
5.000000000000000000e-01 4.736842105263157632e-01
5.250000000000000222e-01 5.263157894736841813e-01
5.500000000000000444e-01 5.263157894736841813e-01
5.750000000000000666e-01 5.789473684210526550e-01
6.000000000000000888e-01 5.789473684210526550e-01
6.250000000000000000e-01 6.315789473684210176e-01
6.500000000000000222e-01 6.315789473684210176e-01
6.750000000000000444e-01 6.842105263157893802e-01
7.000000000000000666e-01 6.842105263157893802e-01
7.250000000000000888e-01 7.368421052631577428e-01
7.500000000000000000e-01 7.368421052631577428e-01
7.750000000000000222e-01 7.894736842105261054e-01
8.000000000000000444e-01 7.894736842105261054e-01
8.250000000000000666e-01 8.421052631578944681e-01
8.500000000000000888e-01 8.421052631578944681e-01
8.750000000000000000e-01 8.947368421052628307e-01
9.000000000000000222e-01 8.947368421052628307e-01
9.250000000000000444e-01 9.473684210526311933e-01
9.500000000000000666e-01 9.473684210526311933e-01
9.750000000000000888e-01 9.999999999999995559e-01
1.000000000000000000e+00 9.999999999999995559e-01
