0.000000000000000000e+00 0.000000000000000000e+00
5.000000000000000104e-03 0.000000000000000000e+00
1.000000000000000021e-02 0.000000000000000000e+00
1.499999999999999944e-02 1.010101010101010187e-02
2.000000000000000042e-02 1.010101010101010187e-02
2.500000000000000139e-02 2.020202020202020374e-02
2.999999999999999889e-02 2.020202020202020374e-02
3.500000000000000333e-02 3.030303030303030387e-02
4.000000000000000083e-02 3.030303030303030387e-02
4.499999999999999833e-02 4.040404040404040747e-02
5.000000000000000278e-02 4.040404040404040747e-02
5.500000000000000028e-02 5.050505050505051108e-02
5.999999999999999778e-02 5.050505050505051108e-02
6.500000000000000222e-02 6.060606060606061468e-02
7.000000000000000666e-02 6.060606060606061468e-02
7.499999999999999722e-02 7.070707070707071829e-02
8.000000000000000167e-02 7.070707070707071829e-02
8.500000000000000611e-02 8.080808080808081495e-02
8.999999999999999667e-02 8.080808080808081495e-02
9.500000000000000111e-02 9.090909090909091161e-02
1.000000000000000056e-01 9.090909090909091161e-02
1.049999999999999961e-01 1.010101010101010083e-01
1.100000000000000006e-01 1.010101010101010083e-01
1.150000000000000050e-01 1.111111111111111049e-01
1.199999999999999956e-01 1.111111111111111049e-01
1.250000000000000000e-01 1.212121212121212016e-01
1.300000000000000044e-01 1.212121212121212016e-01
1.350000000000000089e-01 1.313131313131312983e-01
1.400000000000000133e-01 1.313131313131312983e-01
1.449999999999999900e-01 1.414141414141414088e-01
1.499999999999999944e-01 1.414141414141414088e-01
1.549999999999999989e-01 1.515151515151515194e-01
1.600000000000000033e-01 1.515151515151515194e-01
1.650000000000000078e-01 1.616161616161616299e-01
1.700000000000000122e-01 1.616161616161616299e-01
1.750000000000000167e-01 1.717171717171717404e-01
1.799999999999999933e-01 1.717171717171717404e-01
1.849999999999999978e-01 1.818181818181818510e-01
1.900000000000000022e-01 1.818181818181818510e-01
1.950000000000000067e-01 1.919191919191919615e-01
2.000000000000000111e-01 1.919191919191919615e-01
2.050000000000000155e-01 2.020202020202020721e-01
2.099999999999999922e-01 2.020202020202020721e-01
2.149999999999999967e-01 2.121212121212121826e-01
2.200000000000000011e-01 2.121212121212121826e-01
2.250000000000000056e-01 2.222222222222222932e-01
2.300000000000000100e-01 2.222222222222222932e-01
2.350000000000000144e-01 2.323232323232324037e-01
2.399999999999999911e-01 2.323232323232324037e-01
2.449999999999999956e-01 2.424242424242425142e-01
2.500000000000000000e-01 2.424242424242425142e-01
2.550000000000000044e-01 2.525252525252525970e-01
2.600000000000000089e-01 2.525252525252525970e-01
2.650000000000000133e-01 2.626262626262627076e-01
2.700000000000000178e-01 2.626262626262627076e-01
2.750000000000000222e-01 2.727272727272728181e-01
2.800000000000000266e-01 2.727272727272728181e-01
2.850000000000000311e-01 2.828282828282829287e-01
2.899999999999999800e-01 2.828282828282829287e-01
2.949999999999999845e-01 2.929292929292930392e-01
2.999999999999999889e-01 2.929292929292930392e-01
3.049999999999999933e-01 3.030303030303031497e-01
3.099999999999999978e-01 3.030303030303031497e-01
3.150000000000000022e-01 3.131313131313132603e-01
3.200000000000000067e-01 3.131313131313132603e-01
3.250000000000000111e-01 3.232323232323233708e-01
3.300000000000000155e-01 3.232323232323233708e-01
3.350000000000000200e-01 3.333333333333334814e-01
3.400000000000000244e-01 3.333333333333334814e-01
3.450000000000000289e-01 3.434343434343435919e-01
3.500000000000000333e-01 3.434343434343435919e-01
3.549999999999999822e-01 3.535353535353537024e-01
3.599999999999999867e-01 3.535353535353537024e-01
3.649999999999999911e-01 3.636363636363638130e-01
3.699999999999999956e-01 3.636363636363638130e-01
3.750000000000000000e-01 3.737373737373739235e-01
3.800000000000000044e-01 3.737373737373739235e-01
3.850000000000000089e-01 3.838383838383840341e-01
3.900000000000000133e-01 3.838383838383840341e-01
3.950000000000000178e-01 3.939393939393941446e-01
4.000000000000000222e-01 3.939393939393941446e-01
4.050000000000000266e-01 4.040404040404042552e-01
4.100000000000000311e-01 4.040404040404042552e-01
4.150000000000000355e-01 4.141414141414143657e-01
4.199999999999999845e-01 4.141414141414143657e-01
4.249999999999999889e-01 4.242424242424244762e-01
4.299999999999999933e-01 4.242424242424244762e-01
4.349999999999999978e-01 4.343434343434345868e-01
4.400000000000000022e-01 4.343434343434345868e-01
4.450000000000000067e-01 4.444444444444446973e-01
4.500000000000000111e-01 4.444444444444446973e-01
4.550000000000000155e-01 4.545454545454548079e-01
4.600000000000000200e-01 4.545454545454548079e-01
4.650000000000000244e-01 4.646464646464649184e-01
4.700000000000000289e-01 4.646464646464649184e-01
4.750000000000000333e-01 4.747474747474750290e-01
4.799999999999999822e-01 4.747474747474750290e-01
4.849999999999999867e-01 4.848484848484851395e-01
4.899999999999999911e-01 4.848484848484851395e-01
4.949999999999999956e-01 4.949494949494952500e-01
5.000000000000000000e-01 4.949494949494952500e-01
5.050000000000000044e-01 5.050505050505053051e-01
5.100000000000000089e-01 5.050505050505053051e-01
5.150000000000000133e-01 5.151515151515153601e-01
5.200000000000000178e-01 5.151515151515153601e-01
5.250000000000000222e-01 5.252525252525254151e-01
5.300000000000000266e-01 5.252525252525254151e-01
5.350000000000000311e-01 5.353535353535354702e-01
5.400000000000000355e-01 5.353535353535354702e-01
5.450000000000000400e-01 5.454545454545455252e-01
5.500000000000000444e-01 5.454545454545455252e-01
5.550000000000000488e-01 5.555555555555555802e-01
5.600000000000000533e-01 5.555555555555555802e-01
5.650000000000000577e-01 5.656565656565656353e-01
5.700000000000000622e-01 5.656565656565656353e-01
5.750000000000000666e-01 5.757575757575756903e-01
5.799999999999999600e-01 5.757575757575756903e-01
5.849999999999999645e-01 5.858585858585857453e-01
5.899999999999999689e-01 5.858585858585857453e-01
5.949999999999999734e-01 5.959595959595958004e-01
5.999999999999999778e-01 5.959595959595958004e-01
6.049999999999999822e-01 6.060606060606058554e-01
6.099999999999999867e-01 6.060606060606058554e-01
6.149999999999999911e-01 6.161616161616159104e-01
6.199999999999999956e-01 6.161616161616159104e-01
6.250000000000000000e-01 6.262626262626259654e-01
6.300000000000000044e-01 6.262626262626259654e-01
6.350000000000000089e-01 6.363636363636360205e-01
6.400000000000000133e-01 6.363636363636360205e-01
6.450000000000000178e-01 6.464646464646460755e-01
6.500000000000000222e-01 6.464646464646460755e-01
6.550000000000000266e-01 6.565656565656561305e-01
6.600000000000000311e-01 6.565656565656561305e-01
6.650000000000000355e-01 6.666666666666661856e-01
6.700000000000000400e-01 6.666666666666661856e-01
6.750000000000000444e-01 6.767676767676762406e-01
6.800000000000000488e-01 6.767676767676762406e-01
6.850000000000000533e-01 6.868686868686862956e-01
6.900000000000000577e-01 6.868686868686862956e-01
6.950000000000000622e-01 6.969696969696963507e-01
7.000000000000000666e-01 6.969696969696963507e-01
7.049999999999999600e-01 7.070707070707064057e-01
7.099999999999999645e-01 7.070707070707064057e-01
7.149999999999999689e-01 7.171717171717164607e-01
7.199999999999999734e-01 7.171717171717164607e-01
7.249999999999999778e-01 7.272727272727265158e-01
7.299999999999999822e-01 7.272727272727265158e-01
7.349999999999999867e-01 7.373737373737365708e-01
7.399999999999999911e-01 7.373737373737365708e-01
7.449999999999999956e-01 7.474747474747466258e-01
7.500000000000000000e-01 7.474747474747466258e-01
7.550000000000000044e-01 7.575757575757566809e-01
7.600000000000000089e-01 7.575757575757566809e-01
7.650000000000000133e-01 7.676767676767667359e-01
7.700000000000000178e-01 7.676767676767667359e-01
7.750000000000000222e-01 7.777777777777767909e-01
7.800000000000000266e-01 7.777777777777767909e-01
7.850000000000000311e-01 7.878787878787868459e-01
7.900000000000000355e-01 7.878787878787868459e-01
7.950000000000000400e-01 7.979797979797969010e-01
8.000000000000000444e-01 7.979797979797969010e-01
8.050000000000000488e-01 8.080808080808069560e-01
8.100000000000000533e-01 8.080808080808069560e-01
8.150000000000000577e-01 8.181818181818170110e-01
8.200000000000000622e-01 8.181818181818170110e-01
8.250000000000000666e-01 8.282828282828270661e-01
8.300000000000000711e-01 8.282828282828270661e-01
8.349999999999999645e-01 8.383838383838371211e-01
8.399999999999999689e-01 8.383838383838371211e-01
8.449999999999999734e-01 8.484848484848471761e-01
8.499999999999999778e-01 8.484848484848471761e-01
8.549999999999999822e-01 8.585858585858572312e-01
8.599999999999999867e-01 8.585858585858572312e-01
8.649999999999999911e-01 8.686868686868672862e-01
8.699999999999999956e-01 8.686868686868672862e-01
8.750000000000000000e-01 8.787878787878773412e-01
8.800000000000000044e-01 8.787878787878773412e-01
8.850000000000000089e-01 8.888888888888873963e-01
8.900000000000000133e-01 8.888888888888873963e-01
8.950000000000000178e-01 8.989898989898974513e-01
9.000000000000000222e-01 8.989898989898974513e-01
9.050000000000000266e-01 9.090909090909075063e-01
9.100000000000000311e-01 9.090909090909075063e-01
9.150000000000000355e-01 9.191919191919175613e-01
9.200000000000000400e-01 9.191919191919175613e-01
9.250000000000000444e-01 9.292929292929276164e-01
9.300000000000000488e-01 9.292929292929276164e-01
9.350000000000000533e-01 9.393939393939376714e-01
9.400000000000000577e-01 9.393939393939376714e-01
9.450000000000000622e-01 9.494949494949477264e-01
9.500000000000000666e-01 9.494949494949477264e-01
9.550000000000000711e-01 9.595959595959577815e-01
9.599999999999999645e-01 9.595959595959577815e-01
9.649999999999999689e-01 9.696969696969678365e-01
9.699999999999999734e-01 9.696969696969678365e-01
9.749999999999999778e-01 9.797979797979778915e-01
9.799999999999999822e-01 9.797979797979778915e-01
9.849999999999999867e-01 9.898989898989879466e-01
9.899999999999999911e-01 9.898989898989879466e-01
9.949999999999999956e-01 9.999999999999980016e-01
1.000000000000000000e+00 9.999999999999980016e-01
