0.000000000000000000e+00 0.000000000000000000e+00
2.500000000000000052e-03 0.000000000000000000e+00
5.000000000000000104e-03 0.000000000000000000e+00
7.499999999999999722e-03 5.025125628140703592e-03
1.000000000000000021e-02 5.025125628140703592e-03
1.250000000000000069e-02 1.005025125628140718e-02
1.499999999999999944e-02 1.005025125628140718e-02
1.750000000000000167e-02 1.507537688442210991e-02
2.000000000000000042e-02 1.507537688442210991e-02
2.249999999999999917e-02 2.010050251256281437e-02
2.500000000000000139e-02 2.010050251256281437e-02
2.750000000000000014e-02 2.512562814070351883e-02
2.999999999999999889e-02 2.512562814070351883e-02
3.250000000000000111e-02 3.015075376884422328e-02
3.500000000000000333e-02 3.015075376884422328e-02
3.749999999999999861e-02 3.517587939698492427e-02
4.000000000000000083e-02 3.517587939698492427e-02
4.250000000000000305e-02 4.020100502512562873e-02
4.499999999999999833e-02 4.020100502512562873e-02
4.750000000000000056e-02 4.522613065326633319e-02
5.000000000000000278e-02 4.522613065326633319e-02
5.249999999999999806e-02 5.025125628140703765e-02
5.500000000000000028e-02 5.025125628140703765e-02
5.750000000000000250e-02 5.527638190954774211e-02
5.999999999999999778e-02 5.527638190954774211e-02
6.250000000000000000e-02 6.030150753768844657e-02
6.500000000000000222e-02 6.030150753768844657e-02
6.750000000000000444e-02 6.532663316582915103e-02
7.000000000000000666e-02 6.532663316582915103e-02
7.249999999999999500e-02 7.035175879396984855e-02
7.499999999999999722e-02 7.035175879396984855e-02
7.749999999999999944e-02 7.537688442211054607e-02
8.000000000000000167e-02 7.537688442211054607e-02
8.250000000000000389e-02 8.040201005025124359e-02
8.500000000000000611e-02 8.040201005025124359e-02
8.750000000000000833e-02 8.542713567839194111e-02
8.999999999999999667e-02 8.542713567839194111e-02
9.249999999999999889e-02 9.045226130653263863e-02
9.500000000000000111e-02 9.045226130653263863e-02
9.750000000000000333e-02 9.547738693467333615e-02
1.000000000000000056e-01 9.547738693467333615e-02
1.025000000000000078e-01 1.005025125628140337e-01
1.049999999999999961e-01 1.005025125628140337e-01
1.074999999999999983e-01 1.055276381909547312e-01
1.100000000000000006e-01 1.055276381909547312e-01
1.125000000000000028e-01 1.105527638190954287e-01
1.150000000000000050e-01 1.105527638190954287e-01
1.175000000000000072e-01 1.155778894472361262e-01
1.199999999999999956e-01 1.155778894472361262e-01
1.224999999999999978e-01 1.206030150753768238e-01
1.250000000000000000e-01 1.206030150753768238e-01
1.275000000000000022e-01 1.256281407035175213e-01
1.300000000000000044e-01 1.256281407035175213e-01
1.325000000000000067e-01 1.306532663316582188e-01
1.350000000000000089e-01 1.306532663316582188e-01
1.375000000000000111e-01 1.356783919597989163e-01
1.400000000000000133e-01 1.356783919597989163e-01
1.425000000000000155e-01 1.407035175879396138e-01
1.449999999999999900e-01 1.407035175879396138e-01
1.474999999999999922e-01 1.457286432160803114e-01
1.499999999999999944e-01 1.457286432160803114e-01
1.524999999999999967e-01 1.507537688442210089e-01
1.549999999999999989e-01 1.507537688442210089e-01
1.575000000000000011e-01 1.557788944723617064e-01
1.600000000000000033e-01 1.557788944723617064e-01
1.625000000000000056e-01 1.608040201005024039e-01
1.650000000000000078e-01 1.608040201005024039e-01
1.675000000000000100e-01 1.658291457286431014e-01
1.700000000000000122e-01 1.658291457286431014e-01
1.725000000000000144e-01 1.708542713567837990e-01
1.750000000000000167e-01 1.708542713567837990e-01
1.774999999999999911e-01 1.758793969849244965e-01
1.799999999999999933e-01 1.758793969849244965e-01
1.824999999999999956e-01 1.809045226130651940e-01
1.849999999999999978e-01 1.809045226130651940e-01
1.875000000000000000e-01 1.859296482412058915e-01
1.900000000000000022e-01 1.859296482412058915e-01
1.925000000000000044e-01 1.909547738693465890e-01
1.950000000000000067e-01 1.909547738693465890e-01
1.975000000000000089e-01 1.959798994974872866e-01
2.000000000000000111e-01 1.959798994974872866e-01
2.025000000000000133e-01 2.010050251256279841e-01
2.050000000000000155e-01 2.010050251256279841e-01
2.075000000000000178e-01 2.060301507537686816e-01
2.099999999999999922e-01 2.060301507537686816e-01
2.124999999999999944e-01 2.110552763819093791e-01
2.149999999999999967e-01 2.110552763819093791e-01
2.174999999999999989e-01 2.160804020100500766e-01
2.200000000000000011e-01 2.160804020100500766e-01
2.225000000000000033e-01 2.211055276381907742e-01
2.250000000000000056e-01 2.211055276381907742e-01
2.275000000000000078e-01 2.261306532663314717e-01
2.300000000000000100e-01 2.261306532663314717e-01
2.325000000000000122e-01 2.311557788944721692e-01
2.350000000000000144e-01 2.311557788944721692e-01
2.375000000000000167e-01 2.361809045226128667e-01
2.399999999999999911e-01 2.361809045226128667e-01
2.424999999999999933e-01 2.412060301507535642e-01
2.449999999999999956e-01 2.412060301507535642e-01
2.474999999999999978e-01 2.462311557788942618e-01
2.500000000000000000e-01 2.462311557788942618e-01
2.525000000000000022e-01 2.512562814070349870e-01
2.550000000000000044e-01 2.512562814070349870e-01
2.575000000000000067e-01 2.562814070351757123e-01
2.600000000000000089e-01 2.562814070351757123e-01
2.625000000000000111e-01 2.613065326633164376e-01
2.650000000000000133e-01 2.613065326633164376e-01
2.675000000000000155e-01 2.663316582914571629e-01
2.700000000000000178e-01 2.663316582914571629e-01
2.725000000000000200e-01 2.713567839195978881e-01
2.750000000000000222e-01 2.713567839195978881e-01
2.775000000000000244e-01 2.763819095477386134e-01
2.800000000000000266e-01 2.763819095477386134e-01
2.825000000000000289e-01 2.814070351758793387e-01
2.850000000000000311e-01 2.814070351758793387e-01
2.875000000000000333e-01 2.864321608040200640e-01
2.899999999999999800e-01 2.864321608040200640e-01
2.924999999999999822e-01 2.914572864321607892e-01
2.949999999999999845e-01 2.914572864321607892e-01
2.974999999999999867e-01 2.964824120603015145e-01
2.999999999999999889e-01 2.964824120603015145e-01
3.024999999999999911e-01 3.015075376884422398e-01
3.049999999999999933e-01 3.015075376884422398e-01
3.074999999999999956e-01 3.065326633165829651e-01
3.099999999999999978e-01 3.065326633165829651e-01
3.125000000000000000e-01 3.115577889447236903e-01
3.150000000000000022e-01 3.115577889447236903e-01
3.175000000000000044e-01 3.165829145728644156e-01
3.200000000000000067e-01 3.165829145728644156e-01
3.225000000000000089e-01 3.216080402010051409e-01
3.250000000000000111e-01 3.216080402010051409e-01
3.275000000000000133e-01 3.266331658291458662e-01
3.300000000000000155e-01 3.266331658291458662e-01
3.325000000000000178e-01 3.316582914572865914e-01
3.350000000000000200e-01 3.316582914572865914e-01
3.375000000000000222e-01 3.366834170854273167e-01
3.400000000000000244e-01 3.366834170854273167e-01
3.425000000000000266e-01 3.417085427135680420e-01
3.450000000000000289e-01 3.417085427135680420e-01
3.475000000000000311e-01 3.467336683417087673e-01
3.500000000000000333e-01 3.467336683417087673e-01
3.524999999999999800e-01 3.517587939698494925e-01
3.549999999999999822e-01 3.517587939698494925e-01
3.574999999999999845e-01 3.567839195979902178e-01
3.599999999999999867e-01 3.567839195979902178e-01
3.624999999999999889e-01 3.618090452261309431e-01
3.649999999999999911e-01 3.618090452261309431e-01
3.674999999999999933e-01 3.668341708542716684e-01
3.699999999999999956e-01 3.668341708542716684e-01
3.724999999999999978e-01 3.718592964824123936e-01
3.750000000000000000e-01 3.718592964824123936e-01
3.775000000000000022e-01 3.768844221105531189e-01
3.800000000000000044e-01 3.768844221105531189e-01
3.825000000000000067e-01 3.819095477386938442e-01
3.850000000000000089e-01 3.819095477386938442e-01
3.875000000000000111e-01 3.869346733668345695e-01
3.900000000000000133e-01 3.869346733668345695e-01
3.925000000000000155e-01 3.919597989949752948e-01
3.950000000000000178e-01 3.919597989949752948e-01
3.975000000000000200e-01 3.969849246231160200e-01
4.000000000000000222e-01 3.969849246231160200e-01
4.025000000000000244e-01 4.020100502512567453e-01
4.050000000000000266e-01 4.020100502512567453e-01
4.075000000000000289e-01 4.070351758793974706e-01
4.100000000000000311e-01 4.070351758793974706e-01
4.125000000000000333e-01 4.120603015075381959e-01
4.150000000000000355e-01 4.120603015075381959e-01
4.174999999999999822e-01 4.170854271356789211e-01
4.199999999999999845e-01 4.170854271356789211e-01
4.224999999999999867e-01 4.221105527638196464e-01
4.249999999999999889e-01 4.221105527638196464e-01
4.274999999999999911e-01 4.271356783919603717e-01
4.299999999999999933e-01 4.271356783919603717e-01
4.324999999999999956e-01 4.321608040201010970e-01
4.349999999999999978e-01 4.321608040201010970e-01
4.375000000000000000e-01 4.371859296482418222e-01
4.400000000000000022e-01 4.371859296482418222e-01
4.425000000000000044e-01 4.422110552763825475e-01
4.450000000000000067e-01 4.422110552763825475e-01
4.475000000000000089e-01 4.472361809045232728e-01
4.500000000000000111e-01 4.472361809045232728e-01
4.525000000000000133e-01 4.522613065326639981e-01
4.550000000000000155e-01 4.522613065326639981e-01
4.575000000000000178e-01 4.572864321608047233e-01
4.600000000000000200e-01 4.572864321608047233e-01
4.625000000000000222e-01 4.623115577889454486e-01
4.650000000000000244e-01 4.623115577889454486e-01
4.675000000000000266e-01 4.673366834170861739e-01
4.700000000000000289e-01 4.673366834170861739e-01
4.725000000000000311e-01 4.723618090452268992e-01
4.750000000000000333e-01 4.723618090452268992e-01
4.775000000000000355e-01 4.773869346733676244e-01
4.799999999999999822e-01 4.773869346733676244e-01
4.824999999999999845e-01 4.824120603015083497e-01
4.849999999999999867e-01 4.824120603015083497e-01
4.874999999999999889e-01 4.874371859296490750e-01
4.899999999999999911e-01 4.874371859296490750e-01
4.924999999999999933e-01 4.924623115577898003e-01
4.949999999999999956e-01 4.924623115577898003e-01
4.974999999999999978e-01 4.974874371859305255e-01
5.000000000000000000e-01 4.974874371859305255e-01
5.025000000000000577e-01 5.025125628140711953e-01
5.050000000000000044e-01 5.025125628140711953e-01
5.075000000000000622e-01 5.075376884422119206e-01
5.100000000000000089e-01 5.075376884422119206e-01
5.124999999999999556e-01 5.125628140703526459e-01
5.150000000000000133e-01 5.125628140703526459e-01
5.174999999999999600e-01 5.175879396984933711e-01
5.200000000000000178e-01 5.175879396984933711e-01
5.224999999999999645e-01 5.226130653266340964e-01
5.250000000000000222e-01 5.226130653266340964e-01
5.274999999999999689e-01 5.276381909547748217e-01
5.300000000000000266e-01 5.276381909547748217e-01
5.324999999999999734e-01 5.326633165829155470e-01
5.350000000000000311e-01 5.326633165829155470e-01
5.374999999999999778e-01 5.376884422110562722e-01
5.400000000000000355e-01 5.376884422110562722e-01
5.424999999999999822e-01 5.427135678391969975e-01
5.450000000000000400e-01 5.427135678391969975e-01
5.474999999999999867e-01 5.477386934673377228e-01
5.500000000000000444e-01 5.477386934673377228e-01
5.524999999999999911e-01 5.527638190954784481e-01
5.550000000000000488e-01 5.527638190954784481e-01
5.574999999999999956e-01 5.577889447236191733e-01
5.600000000000000533e-01 5.577889447236191733e-01
5.625000000000000000e-01 5.628140703517598986e-01
5.650000000000000577e-01 5.628140703517598986e-01
5.675000000000000044e-01 5.678391959799006239e-01
5.700000000000000622e-01 5.678391959799006239e-01
5.725000000000000089e-01 5.728643216080413492e-01
5.750000000000000666e-01 5.728643216080413492e-01
5.775000000000000133e-01 5.778894472361820744e-01
5.799999999999999600e-01 5.778894472361820744e-01
5.825000000000000178e-01 5.829145728643227997e-01
5.849999999999999645e-01 5.829145728643227997e-01
5.875000000000000222e-01 5.879396984924635250e-01
5.899999999999999689e-01 5.879396984924635250e-01
5.925000000000000266e-01 5.929648241206042503e-01
5.949999999999999734e-01 5.929648241206042503e-01
5.975000000000000311e-01 5.979899497487449755e-01
5.999999999999999778e-01 5.979899497487449755e-01
6.025000000000000355e-01 6.030150753768857008e-01
6.049999999999999822e-01 6.030150753768857008e-01
6.075000000000000400e-01 6.080402010050264261e-01
6.099999999999999867e-01 6.080402010050264261e-01
6.125000000000000444e-01 6.130653266331671514e-01
6.149999999999999911e-01 6.130653266331671514e-01
6.175000000000000488e-01 6.180904522613078766e-01
6.199999999999999956e-01 6.180904522613078766e-01
6.225000000000000533e-01 6.231155778894486019e-01
6.250000000000000000e-01 6.231155778894486019e-01
6.275000000000000577e-01 6.281407035175893272e-01
6.300000000000000044e-01 6.281407035175893272e-01
6.325000000000000622e-01 6.331658291457300525e-01
6.350000000000000089e-01 6.331658291457300525e-01
6.375000000000000666e-01 6.381909547738707777e-01
6.400000000000000133e-01 6.381909547738707777e-01
6.424999999999999600e-01 6.432160804020115030e-01
6.450000000000000178e-01 6.432160804020115030e-01
6.474999999999999645e-01 6.482412060301522283e-01
6.500000000000000222e-01 6.482412060301522283e-01
6.524999999999999689e-01 6.532663316582929536e-01
6.550000000000000266e-01 6.532663316582929536e-01
6.574999999999999734e-01 6.582914572864336789e-01
6.600000000000000311e-01 6.582914572864336789e-01
6.624999999999999778e-01 6.633165829145744041e-01
6.650000000000000355e-01 6.633165829145744041e-01
6.674999999999999822e-01 6.683417085427151294e-01
6.700000000000000400e-01 6.683417085427151294e-01
6.724999999999999867e-01 6.733668341708558547e-01
6.750000000000000444e-01 6.733668341708558547e-01
6.774999999999999911e-01 6.783919597989965800e-01
6.800000000000000488e-01 6.783919597989965800e-01
6.824999999999999956e-01 6.834170854271373052e-01
6.850000000000000533e-01 6.834170854271373052e-01
6.875000000000000000e-01 6.884422110552780305e-01
6.900000000000000577e-01 6.884422110552780305e-01
6.925000000000000044e-01 6.934673366834187558e-01
6.950000000000000622e-01 6.934673366834187558e-01
6.975000000000000089e-01 6.984924623115594811e-01
7.000000000000000666e-01 6.984924623115594811e-01
7.025000000000000133e-01 7.035175879397002063e-01
7.049999999999999600e-01 7.035175879397002063e-01
7.075000000000000178e-01 7.085427135678409316e-01
7.099999999999999645e-01 7.085427135678409316e-01
7.125000000000000222e-01 7.135678391959816569e-01
7.149999999999999689e-01 7.135678391959816569e-01
7.175000000000000266e-01 7.185929648241223822e-01
7.199999999999999734e-01 7.185929648241223822e-01
7.225000000000000311e-01 7.236180904522631074e-01
7.249999999999999778e-01 7.236180904522631074e-01
7.275000000000000355e-01 7.286432160804038327e-01
7.299999999999999822e-01 7.286432160804038327e-01
7.325000000000000400e-01 7.336683417085445580e-01
7.349999999999999867e-01 7.336683417085445580e-01
7.375000000000000444e-01 7.386934673366852833e-01
7.399999999999999911e-01 7.386934673366852833e-01
7.425000000000000488e-01 7.437185929648260085e-01
7.449999999999999956e-01 7.437185929648260085e-01
7.475000000000000533e-01 7.487437185929667338e-01
7.500000000000000000e-01 7.487437185929667338e-01
7.525000000000000577e-01 7.537688442211074591e-01
7.550000000000000044e-01 7.537688442211074591e-01
7.575000000000000622e-01 7.587939698492481844e-01
7.600000000000000089e-01 7.587939698492481844e-01
7.625000000000000666e-01 7.638190954773889096e-01
7.650000000000000133e-01 7.638190954773889096e-01
7.675000000000000711e-01 7.688442211055296349e-01
7.700000000000000178e-01 7.688442211055296349e-01
7.724999999999999645e-01 7.738693467336703602e-01
7.750000000000000222e-01 7.738693467336703602e-01
7.774999999999999689e-01 7.788944723618110855e-01
7.800000000000000266e-01 7.788944723618110855e-01
7.824999999999999734e-01 7.839195979899518107e-01
7.850000000000000311e-01 7.839195979899518107e-01
7.874999999999999778e-01 7.889447236180925360e-01
7.900000000000000355e-01 7.889447236180925360e-01
7.924999999999999822e-01 7.939698492462332613e-01
7.950000000000000400e-01 7.939698492462332613e-01
7.974999999999999867e-01 7.989949748743739866e-01
8.000000000000000444e-01 7.989949748743739866e-01
8.024999999999999911e-01 8.040201005025147118e-01
8.050000000000000488e-01 8.040201005025147118e-01
8.074999999999999956e-01 8.090452261306554371e-01
8.100000000000000533e-01 8.090452261306554371e-01
8.125000000000000000e-01 8.140703517587961624e-01
8.150000000000000577e-01 8.140703517587961624e-01
8.175000000000000044e-01 8.190954773869368877e-01
8.200000000000000622e-01 8.190954773869368877e-01
8.225000000000000089e-01 8.241206030150776130e-01
8.250000000000000666e-01 8.241206030150776130e-01
8.275000000000000133e-01 8.291457286432183382e-01
8.300000000000000711e-01 8.291457286432183382e-01
8.325000000000000178e-01 8.341708542713590635e-01
8.349999999999999645e-01 8.341708542713590635e-01
8.375000000000000222e-01 8.391959798994997888e-01
8.399999999999999689e-01 8.391959798994997888e-01
8.425000000000000266e-01 8.442211055276405141e-01
8.449999999999999734e-01 8.442211055276405141e-01
8.475000000000000311e-01 8.492462311557812393e-01
8.499999999999999778e-01 8.492462311557812393e-01
8.525000000000000355e-01 8.542713567839219646e-01
8.549999999999999822e-01 8.542713567839219646e-01
8.575000000000000400e-01 8.592964824120626899e-01
8.599999999999999867e-01 8.592964824120626899e-01
8.625000000000000444e-01 8.643216080402034152e-01
8.649999999999999911e-01 8.643216080402034152e-01
8.675000000000000488e-01 8.693467336683441404e-01
8.699999999999999956e-01 8.693467336683441404e-01
8.725000000000000533e-01 8.743718592964848657e-01
8.750000000000000000e-01 8.743718592964848657e-01
8.775000000000000577e-01 8.793969849246255910e-01
8.800000000000000044e-01 8.793969849246255910e-01
8.825000000000000622e-01 8.844221105527663163e-01
8.850000000000000089e-01 8.844221105527663163e-01
8.875000000000000666e-01 8.894472361809070415e-01
8.900000000000000133e-01 8.894472361809070415e-01
8.925000000000000711e-01 8.944723618090477668e-01
8.950000000000000178e-01 8.944723618090477668e-01
8.974999999999999645e-01 8.994974874371884921e-01
9.000000000000000222e-01 8.994974874371884921e-01
9.024999999999999689e-01 9.045226130653292174e-01
9.050000000000000266e-01 9.045226130653292174e-01
9.074999999999999734e-01 9.095477386934699426e-01
9.100000000000000311e-01 9.095477386934699426e-01
9.124999999999999778e-01 9.145728643216106679e-01
9.150000000000000355e-01 9.145728643216106679e-01
9.174999999999999822e-01 9.195979899497513932e-01
9.200000000000000400e-01 9.195979899497513932e-01
9.224999999999999867e-01 9.246231155778921185e-01
9.250000000000000444e-01 9.246231155778921185e-01
9.274999999999999911e-01 9.296482412060328437e-01
9.300000000000000488e-01 9.296482412060328437e-01
9.324999999999999956e-01 9.346733668341735690e-01
9.350000000000000533e-01 9.346733668341735690e-01
9.375000000000000000e-01 9.396984924623142943e-01
9.400000000000000577e-01 9.396984924623142943e-01
9.425000000000000044e-01 9.447236180904550196e-01
9.450000000000000622e-01 9.447236180904550196e-01
9.475000000000000089e-01 9.497487437185957448e-01
9.500000000000000666e-01 9.497487437185957448e-01
9.525000000000000133e-01 9.547738693467364701e-01
9.550000000000000711e-01 9.547738693467364701e-01
9.575000000000000178e-01 9.597989949748771954e-01
9.599999999999999645e-01 9.597989949748771954e-01
9.625000000000000222e-01 9.648241206030179207e-01
9.649999999999999689e-01 9.648241206030179207e-01
9.675000000000000266e-01 9.698492462311586459e-01
9.699999999999999734e-01 9.698492462311586459e-01
9.725000000000000311e-01 9.748743718592993712e-01
9.749999999999999778e-01 9.748743718592993712e-01
9.775000000000000355e-01 9.798994974874400965e-01
9.799999999999999822e-01 9.798994974874400965e-01
9.825000000000000400e-01 9.849246231155808218e-01
9.849999999999999867e-01 9.849246231155808218e-01
9.875000000000000444e-01 9.899497487437215471e-01
9.899999999999999911e-01 9.899497487437215471e-01
9.925000000000000488e-01 9.949748743718622723e-01
9.949999999999999956e-01 9.949748743718622723e-01
9.975000000000000533e-01 1.000000000000002887e+00
1.000000000000000000e+00 1.000000000000002887e+00
