0.000000000000000000e+00
5.000000000000000104e-04
1.000000000000000021e-03
1.500000000000000031e-03
2.000000000000000042e-03
2.500000000000000052e-03
3.000000000000000062e-03
3.500000000000000073e-03
4.000000000000000083e-03
4.500000000000000527e-03
5.000000000000000104e-03
5.499999999999999681e-03
6.000000000000000125e-03
6.500000000000000569e-03
7.000000000000000146e-03
7.499999999999999722e-03
8.000000000000000167e-03
8.500000000000000611e-03
9.000000000000001055e-03
9.499999999999999764e-03
1.000000000000000021e-02
1.050000000000000065e-02
1.099999999999999936e-02
1.149999999999999981e-02
1.200000000000000025e-02
1.250000000000000069e-02
1.300000000000000114e-02
1.349999999999999985e-02
1.400000000000000029e-02
1.450000000000000074e-02
1.499999999999999944e-02
1.549999999999999989e-02
1.600000000000000033e-02
1.650000000000000078e-02
1.700000000000000122e-02
1.750000000000000167e-02
1.800000000000000211e-02
1.849999999999999908e-02
1.899999999999999953e-02
1.949999999999999997e-02
2.000000000000000042e-02
2.050000000000000086e-02
2.100000000000000130e-02
2.150000000000000175e-02
2.199999999999999872e-02
2.249999999999999917e-02
2.299999999999999961e-02
2.350000000000000006e-02
2.400000000000000050e-02
2.450000000000000094e-02
2.500000000000000139e-02
2.550000000000000183e-02
2.600000000000000228e-02
2.649999999999999925e-02
2.699999999999999969e-02
2.750000000000000014e-02
2.800000000000000058e-02
2.850000000000000103e-02
2.900000000000000147e-02
2.950000000000000192e-02
2.999999999999999889e-02
3.049999999999999933e-02
3.099999999999999978e-02
3.150000000000000022e-02
3.200000000000000067e-02
3.250000000000000111e-02
3.300000000000000155e-02
3.350000000000000200e-02
3.400000000000000244e-02
3.450000000000000289e-02
3.500000000000000333e-02
3.550000000000000377e-02
3.600000000000000422e-02
3.649999999999999772e-02
3.699999999999999817e-02
3.749999999999999861e-02
3.799999999999999906e-02
3.849999999999999950e-02
3.899999999999999994e-02
3.950000000000000039e-02
4.000000000000000083e-02
4.050000000000000128e-02
4.100000000000000172e-02
4.150000000000000216e-02
4.200000000000000261e-02
4.250000000000000305e-02
4.300000000000000350e-02
4.350000000000000394e-02
4.399999999999999745e-02
4.449999999999999789e-02
4.499999999999999833e-02
4.549999999999999878e-02
4.599999999999999922e-02
4.649999999999999967e-02
4.700000000000000011e-02
4.750000000000000056e-02
4.800000000000000100e-02
4.850000000000000144e-02
4.900000000000000189e-02
4.950000000000000233e-02
5.000000000000000278e-02
5.050000000000000322e-02
5.100000000000000366e-02
5.150000000000000411e-02
5.200000000000000455e-02
5.249999999999999806e-02
5.299999999999999850e-02
5.349999999999999895e-02
5.399999999999999939e-02
5.449999999999999983e-02
5.500000000000000028e-02
5.550000000000000072e-02
5.600000000000000117e-02
5.650000000000000161e-02
5.700000000000000205e-02
5.750000000000000250e-02
5.800000000000000294e-02
5.850000000000000339e-02
5.900000000000000383e-02
5.950000000000000427e-02
5.999999999999999778e-02
6.049999999999999822e-02
6.099999999999999867e-02
6.149999999999999911e-02
6.199999999999999956e-02
6.250000000000000000e-02
6.300000000000000044e-02
6.350000000000000089e-02
6.400000000000000133e-02
6.450000000000000178e-02
6.500000000000000222e-02
6.550000000000000266e-02
6.600000000000000311e-02
6.650000000000000355e-02
6.700000000000000400e-02
6.750000000000000444e-02
6.800000000000000488e-02
6.850000000000000533e-02
6.900000000000000577e-02
6.950000000000000622e-02
7.000000000000000666e-02
7.050000000000000711e-02
7.100000000000000755e-02
7.150000000000000799e-02
7.200000000000000844e-02
7.249999999999999500e-02
7.299999999999999545e-02
7.349999999999999589e-02
7.399999999999999634e-02
7.449999999999999678e-02
7.499999999999999722e-02
7.549999999999999767e-02
7.599999999999999811e-02
7.649999999999999856e-02
7.699999999999999900e-02
7.749999999999999944e-02
7.799999999999999989e-02
7.850000000000000033e-02
7.900000000000000078e-02
7.950000000000000122e-02
8.000000000000000167e-02
8.050000000000000211e-02
8.100000000000000255e-02
8.150000000000000300e-02
8.200000000000000344e-02
8.250000000000000389e-02
8.300000000000000433e-02
8.350000000000000477e-02
8.400000000000000522e-02
8.450000000000000566e-02
8.500000000000000611e-02
8.550000000000000655e-02
8.600000000000000699e-02
8.650000000000000744e-02
8.700000000000000788e-02
8.750000000000000833e-02
8.799999999999999489e-02
8.849999999999999534e-02
8.899999999999999578e-02
8.949999999999999623e-02
8.999999999999999667e-02
9.049999999999999711e-02
9.099999999999999756e-02
9.149999999999999800e-02
9.199999999999999845e-02
9.249999999999999889e-02
9.299999999999999933e-02
9.349999999999999978e-02
9.400000000000000022e-02
9.450000000000000067e-02
9.500000000000000111e-02
9.550000000000000155e-02
9.600000000000000200e-02
9.650000000000000244e-02
9.700000000000000289e-02
9.750000000000000333e-02
9.800000000000000377e-02
9.850000000000000422e-02
9.900000000000000466e-02
9.950000000000000511e-02
1.000000000000000056e-01
1.005000000000000060e-01
1.010000000000000064e-01
1.015000000000000069e-01
1.020000000000000073e-01
1.025000000000000078e-01
1.030000000000000082e-01
1.035000000000000087e-01
1.040000000000000091e-01
1.044999999999999957e-01
1.049999999999999961e-01
1.054999999999999966e-01
1.059999999999999970e-01
1.064999999999999974e-01
1.069999999999999979e-01
1.074999999999999983e-01
1.079999999999999988e-01
1.084999999999999992e-01
1.089999999999999997e-01
1.095000000000000001e-01
1.100000000000000006e-01
1.105000000000000010e-01
1.110000000000000014e-01
1.115000000000000019e-01
1.120000000000000023e-01
1.125000000000000028e-01
1.130000000000000032e-01
1.135000000000000037e-01
1.140000000000000041e-01
1.145000000000000046e-01
1.150000000000000050e-01
1.155000000000000054e-01
1.160000000000000059e-01
1.165000000000000063e-01
1.170000000000000068e-01
1.175000000000000072e-01
1.180000000000000077e-01
1.185000000000000081e-01
1.190000000000000085e-01
1.195000000000000090e-01
1.199999999999999956e-01
1.204999999999999960e-01
1.209999999999999964e-01
1.214999999999999969e-01
1.219999999999999973e-01
1.224999999999999978e-01
1.229999999999999982e-01
1.234999999999999987e-01
1.239999999999999991e-01
1.244999999999999996e-01
1.250000000000000000e-01
1.255000000000000004e-01
1.260000000000000009e-01
1.265000000000000013e-01
1.270000000000000018e-01
1.275000000000000022e-01
1.280000000000000027e-01
1.285000000000000031e-01
1.290000000000000036e-01
1.295000000000000040e-01
1.300000000000000044e-01
1.305000000000000049e-01
1.310000000000000053e-01
1.315000000000000058e-01
1.320000000000000062e-01
1.325000000000000067e-01
1.330000000000000071e-01
1.335000000000000075e-01
1.340000000000000080e-01
1.345000000000000084e-01
1.350000000000000089e-01
1.355000000000000093e-01
1.360000000000000098e-01
1.365000000000000102e-01
1.370000000000000107e-01
1.375000000000000111e-01
1.380000000000000115e-01
1.385000000000000120e-01
1.390000000000000124e-01
1.395000000000000129e-01
1.400000000000000133e-01
1.405000000000000138e-01
1.410000000000000142e-01
1.415000000000000147e-01
1.420000000000000151e-01
1.425000000000000155e-01
1.430000000000000160e-01
1.435000000000000164e-01
1.440000000000000169e-01
1.444999999999999896e-01
1.449999999999999900e-01
1.454999999999999905e-01
1.459999999999999909e-01
1.464999999999999913e-01
1.469999999999999918e-01
1.474999999999999922e-01
1.479999999999999927e-01
1.484999999999999931e-01
1.489999999999999936e-01
1.494999999999999940e-01
1.499999999999999944e-01
1.504999999999999949e-01
1.509999999999999953e-01
1.514999999999999958e-01
1.519999999999999962e-01
1.524999999999999967e-01
1.529999999999999971e-01
1.534999999999999976e-01
1.539999999999999980e-01
1.544999999999999984e-01
1.549999999999999989e-01
1.554999999999999993e-01
1.559999999999999998e-01
1.565000000000000002e-01
1.570000000000000007e-01
1.575000000000000011e-01
1.580000000000000016e-01
1.585000000000000020e-01
1.590000000000000024e-01
1.595000000000000029e-01
1.600000000000000033e-01
1.605000000000000038e-01
1.610000000000000042e-01
1.615000000000000047e-01
1.620000000000000051e-01
1.625000000000000056e-01
1.630000000000000060e-01
1.635000000000000064e-01
1.640000000000000069e-01
1.645000000000000073e-01
1.650000000000000078e-01
1.655000000000000082e-01
1.660000000000000087e-01
1.665000000000000091e-01
1.670000000000000095e-01
1.675000000000000100e-01
1.680000000000000104e-01
1.685000000000000109e-01
1.690000000000000113e-01
1.695000000000000118e-01
1.700000000000000122e-01
1.705000000000000127e-01
1.710000000000000131e-01
1.715000000000000135e-01
1.720000000000000140e-01
1.725000000000000144e-01
1.730000000000000149e-01
1.735000000000000153e-01
1.740000000000000158e-01
1.745000000000000162e-01
1.750000000000000167e-01
1.755000000000000171e-01
1.759999999999999898e-01
1.764999999999999902e-01
1.769999999999999907e-01
1.774999999999999911e-01
1.779999999999999916e-01
1.784999999999999920e-01
1.789999999999999925e-01
1.794999999999999929e-01
1.799999999999999933e-01
1.804999999999999938e-01
1.809999999999999942e-01
1.814999999999999947e-01
1.819999999999999951e-01
1.824999999999999956e-01
1.829999999999999960e-01
1.834999999999999964e-01
1.839999999999999969e-01
1.844999999999999973e-01
1.849999999999999978e-01
1.854999999999999982e-01
1.859999999999999987e-01
1.864999999999999991e-01
1.869999999999999996e-01
1.875000000000000000e-01
1.880000000000000004e-01
1.885000000000000009e-01
1.890000000000000013e-01
1.895000000000000018e-01
1.900000000000000022e-01
1.905000000000000027e-01
1.910000000000000031e-01
1.915000000000000036e-01
1.920000000000000040e-01
1.925000000000000044e-01
1.930000000000000049e-01
1.935000000000000053e-01
1.940000000000000058e-01
1.945000000000000062e-01
1.950000000000000067e-01
1.955000000000000071e-01
1.960000000000000075e-01
1.965000000000000080e-01
1.970000000000000084e-01
1.975000000000000089e-01
1.980000000000000093e-01
1.985000000000000098e-01
1.990000000000000102e-01
1.995000000000000107e-01
2.000000000000000111e-01
2.005000000000000115e-01
2.010000000000000120e-01
2.015000000000000124e-01
2.020000000000000129e-01
2.025000000000000133e-01
2.030000000000000138e-01
2.035000000000000142e-01
2.040000000000000147e-01
2.045000000000000151e-01
2.050000000000000155e-01
2.055000000000000160e-01
2.060000000000000164e-01
2.065000000000000169e-01
2.070000000000000173e-01
2.075000000000000178e-01
2.080000000000000182e-01
2.084999999999999909e-01
2.089999999999999913e-01
2.094999999999999918e-01
2.099999999999999922e-01
2.104999999999999927e-01
2.109999999999999931e-01
2.114999999999999936e-01
2.119999999999999940e-01
2.124999999999999944e-01
2.129999999999999949e-01
2.134999999999999953e-01
2.139999999999999958e-01
2.144999999999999962e-01
2.149999999999999967e-01
2.154999999999999971e-01
2.159999999999999976e-01
2.164999999999999980e-01
2.169999999999999984e-01
2.174999999999999989e-01
2.179999999999999993e-01
2.184999999999999998e-01
2.190000000000000002e-01
2.195000000000000007e-01
2.200000000000000011e-01
2.205000000000000016e-01
2.210000000000000020e-01
2.215000000000000024e-01
2.220000000000000029e-01
2.225000000000000033e-01
2.230000000000000038e-01
2.235000000000000042e-01
2.240000000000000047e-01
2.245000000000000051e-01
2.250000000000000056e-01
2.255000000000000060e-01
2.260000000000000064e-01
2.265000000000000069e-01
2.270000000000000073e-01
2.275000000000000078e-01
2.280000000000000082e-01
2.285000000000000087e-01
2.290000000000000091e-01
2.295000000000000095e-01
2.300000000000000100e-01
2.305000000000000104e-01
2.310000000000000109e-01
2.315000000000000113e-01
2.320000000000000118e-01
2.325000000000000122e-01
2.330000000000000127e-01
2.335000000000000131e-01
2.340000000000000135e-01
2.345000000000000140e-01
2.350000000000000144e-01
2.355000000000000149e-01
2.360000000000000153e-01
2.365000000000000158e-01
2.370000000000000162e-01
2.375000000000000167e-01
2.380000000000000171e-01
2.385000000000000175e-01
2.390000000000000180e-01
2.395000000000000184e-01
2.399999999999999911e-01
2.404999999999999916e-01
2.409999999999999920e-01
2.414999999999999925e-01
2.419999999999999929e-01
2.424999999999999933e-01
2.429999999999999938e-01
2.434999999999999942e-01
2.439999999999999947e-01
2.444999999999999951e-01
2.449999999999999956e-01
2.454999999999999960e-01
2.459999999999999964e-01
2.464999999999999969e-01
2.469999999999999973e-01
2.474999999999999978e-01
2.479999999999999982e-01
2.484999999999999987e-01
2.489999999999999991e-01
2.494999999999999996e-01
2.500000000000000000e-01
2.505000000000000004e-01
2.510000000000000009e-01
2.515000000000000013e-01
2.520000000000000018e-01
2.525000000000000022e-01
2.530000000000000027e-01
2.535000000000000031e-01
2.540000000000000036e-01
2.545000000000000040e-01
2.550000000000000044e-01
2.555000000000000049e-01
2.560000000000000053e-01
2.565000000000000058e-01
2.570000000000000062e-01
2.575000000000000067e-01
2.580000000000000071e-01
2.585000000000000075e-01
2.590000000000000080e-01
2.595000000000000084e-01
2.600000000000000089e-01
2.605000000000000093e-01
2.610000000000000098e-01
2.615000000000000102e-01
2.620000000000000107e-01
2.625000000000000111e-01
2.630000000000000115e-01
2.635000000000000120e-01
2.640000000000000124e-01
2.645000000000000129e-01
2.650000000000000133e-01
2.655000000000000138e-01
2.660000000000000142e-01
2.665000000000000147e-01
2.670000000000000151e-01
2.675000000000000155e-01
2.680000000000000160e-01
2.685000000000000164e-01
2.690000000000000169e-01
2.695000000000000173e-01
2.700000000000000178e-01
2.705000000000000182e-01
2.710000000000000187e-01
2.715000000000000191e-01
2.720000000000000195e-01
2.725000000000000200e-01
2.730000000000000204e-01
2.735000000000000209e-01
2.740000000000000213e-01
2.745000000000000218e-01
2.750000000000000222e-01
2.755000000000000226e-01
2.760000000000000231e-01
2.765000000000000235e-01
2.770000000000000240e-01
2.775000000000000244e-01
2.780000000000000249e-01
2.785000000000000253e-01
2.790000000000000258e-01
2.795000000000000262e-01
2.800000000000000266e-01
2.805000000000000271e-01
2.810000000000000275e-01
2.815000000000000280e-01
2.820000000000000284e-01
2.825000000000000289e-01
2.830000000000000293e-01
2.835000000000000298e-01
2.840000000000000302e-01
2.845000000000000306e-01
2.850000000000000311e-01
2.855000000000000315e-01
2.860000000000000320e-01
2.865000000000000324e-01
2.870000000000000329e-01
2.875000000000000333e-01
2.880000000000000338e-01
2.884999999999999787e-01
2.889999999999999791e-01
2.894999999999999796e-01
2.899999999999999800e-01
2.904999999999999805e-01
2.909999999999999809e-01
2.914999999999999813e-01
2.919999999999999818e-01
2.924999999999999822e-01
2.929999999999999827e-01
2.934999999999999831e-01
2.939999999999999836e-01
2.944999999999999840e-01
2.949999999999999845e-01
2.954999999999999849e-01
2.959999999999999853e-01
2.964999999999999858e-01
2.969999999999999862e-01
2.974999999999999867e-01
2.979999999999999871e-01
2.984999999999999876e-01
2.989999999999999880e-01
2.994999999999999885e-01
2.999999999999999889e-01
3.004999999999999893e-01
3.009999999999999898e-01
3.014999999999999902e-01
3.019999999999999907e-01
3.024999999999999911e-01
3.029999999999999916e-01
3.034999999999999920e-01
3.039999999999999925e-01
3.044999999999999929e-01
3.049999999999999933e-01
3.054999999999999938e-01
3.059999999999999942e-01
3.064999999999999947e-01
3.069999999999999951e-01
3.074999999999999956e-01
3.079999999999999960e-01
3.084999999999999964e-01
3.089999999999999969e-01
3.094999999999999973e-01
3.099999999999999978e-01
3.104999999999999982e-01
3.109999999999999987e-01
3.114999999999999991e-01
3.119999999999999996e-01
3.125000000000000000e-01
3.130000000000000004e-01
3.135000000000000009e-01
3.140000000000000013e-01
3.145000000000000018e-01
3.150000000000000022e-01
3.155000000000000027e-01
3.160000000000000031e-01
3.165000000000000036e-01
3.170000000000000040e-01
3.175000000000000044e-01
3.180000000000000049e-01
3.185000000000000053e-01
3.190000000000000058e-01
3.195000000000000062e-01
3.200000000000000067e-01
3.205000000000000071e-01
3.210000000000000075e-01
3.215000000000000080e-01
3.220000000000000084e-01
3.225000000000000089e-01
3.230000000000000093e-01
3.235000000000000098e-01
3.240000000000000102e-01
3.245000000000000107e-01
3.250000000000000111e-01
3.255000000000000115e-01
3.260000000000000120e-01
3.265000000000000124e-01
3.270000000000000129e-01
3.275000000000000133e-01
3.280000000000000138e-01
3.285000000000000142e-01
3.290000000000000147e-01
3.295000000000000151e-01
3.300000000000000155e-01
3.305000000000000160e-01
3.310000000000000164e-01
3.315000000000000169e-01
3.320000000000000173e-01
3.325000000000000178e-01
3.330000000000000182e-01
3.335000000000000187e-01
3.340000000000000191e-01
3.345000000000000195e-01
3.350000000000000200e-01
3.355000000000000204e-01
3.360000000000000209e-01
3.365000000000000213e-01
3.370000000000000218e-01
3.375000000000000222e-01
3.380000000000000226e-01
3.385000000000000231e-01
3.390000000000000235e-01
3.395000000000000240e-01
3.400000000000000244e-01
3.405000000000000249e-01
3.410000000000000253e-01
3.415000000000000258e-01
3.420000000000000262e-01
3.425000000000000266e-01
3.430000000000000271e-01
3.435000000000000275e-01
3.440000000000000280e-01
3.445000000000000284e-01
3.450000000000000289e-01
3.455000000000000293e-01
3.460000000000000298e-01
3.465000000000000302e-01
3.470000000000000306e-01
3.475000000000000311e-01
3.480000000000000315e-01
3.485000000000000320e-01
3.490000000000000324e-01
3.495000000000000329e-01
3.500000000000000333e-01
3.505000000000000338e-01
3.510000000000000342e-01
3.515000000000000346e-01
3.519999999999999796e-01
3.524999999999999800e-01
3.529999999999999805e-01
3.534999999999999809e-01
3.539999999999999813e-01
3.544999999999999818e-01
3.549999999999999822e-01
3.554999999999999827e-01
3.559999999999999831e-01
3.564999999999999836e-01
3.569999999999999840e-01
3.574999999999999845e-01
3.579999999999999849e-01
3.584999999999999853e-01
3.589999999999999858e-01
3.594999999999999862e-01
3.599999999999999867e-01
3.604999999999999871e-01
3.609999999999999876e-01
3.614999999999999880e-01
3.619999999999999885e-01
3.624999999999999889e-01
3.629999999999999893e-01
3.634999999999999898e-01
3.639999999999999902e-01
3.644999999999999907e-01
3.649999999999999911e-01
3.654999999999999916e-01
3.659999999999999920e-01
3.664999999999999925e-01
3.669999999999999929e-01
3.674999999999999933e-01
3.679999999999999938e-01
3.684999999999999942e-01
3.689999999999999947e-01
3.694999999999999951e-01
3.699999999999999956e-01
3.704999999999999960e-01
3.709999999999999964e-01
3.714999999999999969e-01
3.719999999999999973e-01
3.724999999999999978e-01
3.729999999999999982e-01
3.734999999999999987e-01
3.739999999999999991e-01
3.744999999999999996e-01
3.750000000000000000e-01
3.755000000000000004e-01
3.760000000000000009e-01
3.765000000000000013e-01
3.770000000000000018e-01
3.775000000000000022e-01
3.780000000000000027e-01
3.785000000000000031e-01
3.790000000000000036e-01
3.795000000000000040e-01
3.800000000000000044e-01
3.805000000000000049e-01
3.810000000000000053e-01
3.815000000000000058e-01
3.820000000000000062e-01
3.825000000000000067e-01
3.830000000000000071e-01
3.835000000000000075e-01
3.840000000000000080e-01
3.845000000000000084e-01
3.850000000000000089e-01
3.855000000000000093e-01
3.860000000000000098e-01
3.865000000000000102e-01
3.870000000000000107e-01
3.875000000000000111e-01
3.880000000000000115e-01
3.885000000000000120e-01
3.890000000000000124e-01
3.895000000000000129e-01
3.900000000000000133e-01
3.905000000000000138e-01
3.910000000000000142e-01
3.915000000000000147e-01
3.920000000000000151e-01
3.925000000000000155e-01
3.930000000000000160e-01
3.935000000000000164e-01
3.940000000000000169e-01
3.945000000000000173e-01
3.950000000000000178e-01
3.955000000000000182e-01
3.960000000000000187e-01
3.965000000000000191e-01
3.970000000000000195e-01
3.975000000000000200e-01
3.980000000000000204e-01
3.985000000000000209e-01
3.990000000000000213e-01
3.995000000000000218e-01
4.000000000000000222e-01
4.005000000000000226e-01
4.010000000000000231e-01
4.015000000000000235e-01
4.020000000000000240e-01
4.025000000000000244e-01
4.030000000000000249e-01
4.035000000000000253e-01
4.040000000000000258e-01
4.045000000000000262e-01
4.050000000000000266e-01
4.055000000000000271e-01
4.060000000000000275e-01
4.065000000000000280e-01
4.070000000000000284e-01
4.075000000000000289e-01
4.080000000000000293e-01
4.085000000000000298e-01
4.090000000000000302e-01
4.095000000000000306e-01
4.100000000000000311e-01
4.105000000000000315e-01
4.110000000000000320e-01
4.115000000000000324e-01
4.120000000000000329e-01
4.125000000000000333e-01
4.130000000000000338e-01
4.135000000000000342e-01
4.140000000000000346e-01
4.145000000000000351e-01
4.150000000000000355e-01
4.155000000000000360e-01
4.160000000000000364e-01
4.164999999999999813e-01
4.169999999999999818e-01
4.174999999999999822e-01
4.179999999999999827e-01
4.184999999999999831e-01
4.189999999999999836e-01
4.194999999999999840e-01
4.199999999999999845e-01
4.204999999999999849e-01
4.209999999999999853e-01
4.214999999999999858e-01
4.219999999999999862e-01
4.224999999999999867e-01
4.229999999999999871e-01
4.234999999999999876e-01
4.239999999999999880e-01
4.244999999999999885e-01
4.249999999999999889e-01
4.254999999999999893e-01
4.259999999999999898e-01
4.264999999999999902e-01
4.269999999999999907e-01
4.274999999999999911e-01
4.279999999999999916e-01
4.284999999999999920e-01
4.289999999999999925e-01
4.294999999999999929e-01
4.299999999999999933e-01
4.304999999999999938e-01
4.309999999999999942e-01
4.314999999999999947e-01
4.319999999999999951e-01
4.324999999999999956e-01
4.329999999999999960e-01
4.334999999999999964e-01
4.339999999999999969e-01
4.344999999999999973e-01
4.349999999999999978e-01
4.354999999999999982e-01
4.359999999999999987e-01
4.364999999999999991e-01
4.369999999999999996e-01
4.375000000000000000e-01
4.380000000000000004e-01
4.385000000000000009e-01
4.390000000000000013e-01
4.395000000000000018e-01
4.400000000000000022e-01
4.405000000000000027e-01
4.410000000000000031e-01
4.415000000000000036e-01
4.420000000000000040e-01
4.425000000000000044e-01
4.430000000000000049e-01
4.435000000000000053e-01
4.440000000000000058e-01
4.445000000000000062e-01
4.450000000000000067e-01
4.455000000000000071e-01
4.460000000000000075e-01
4.465000000000000080e-01
4.470000000000000084e-01
4.475000000000000089e-01
4.480000000000000093e-01
4.485000000000000098e-01
4.490000000000000102e-01
4.495000000000000107e-01
4.500000000000000111e-01
4.505000000000000115e-01
4.510000000000000120e-01
4.515000000000000124e-01
4.520000000000000129e-01
4.525000000000000133e-01
4.530000000000000138e-01
4.535000000000000142e-01
4.540000000000000147e-01
4.545000000000000151e-01
4.550000000000000155e-01
4.555000000000000160e-01
4.560000000000000164e-01
4.565000000000000169e-01
4.570000000000000173e-01
4.575000000000000178e-01
4.580000000000000182e-01
4.585000000000000187e-01
4.590000000000000191e-01
4.595000000000000195e-01
4.600000000000000200e-01
4.605000000000000204e-01
4.610000000000000209e-01
4.615000000000000213e-01
4.620000000000000218e-01
4.625000000000000222e-01
4.630000000000000226e-01
4.635000000000000231e-01
4.640000000000000235e-01
4.645000000000000240e-01
4.650000000000000244e-01
4.655000000000000249e-01
4.660000000000000253e-01
4.665000000000000258e-01
4.670000000000000262e-01
4.675000000000000266e-01
4.680000000000000271e-01
4.685000000000000275e-01
4.690000000000000280e-01
4.695000000000000284e-01
4.700000000000000289e-01
4.705000000000000293e-01
4.710000000000000298e-01
4.715000000000000302e-01
4.720000000000000306e-01
4.725000000000000311e-01
4.730000000000000315e-01
4.735000000000000320e-01
4.740000000000000324e-01
4.745000000000000329e-01
4.750000000000000333e-01
4.755000000000000338e-01
4.760000000000000342e-01
4.765000000000000346e-01
4.770000000000000351e-01
4.775000000000000355e-01
4.780000000000000360e-01
4.785000000000000364e-01
4.790000000000000369e-01
4.795000000000000373e-01
4.799999999999999822e-01
4.804999999999999827e-01
4.809999999999999831e-01
4.814999999999999836e-01
4.819999999999999840e-01
4.824999999999999845e-01
4.829999999999999849e-01
4.834999999999999853e-01
4.839999999999999858e-01
4.844999999999999862e-01
4.849999999999999867e-01
4.854999999999999871e-01
4.859999999999999876e-01
4.864999999999999880e-01
4.869999999999999885e-01
4.874999999999999889e-01
4.879999999999999893e-01
4.884999999999999898e-01
4.889999999999999902e-01
4.894999999999999907e-01
4.899999999999999911e-01
4.904999999999999916e-01
4.909999999999999920e-01
4.914999999999999925e-01
4.919999999999999929e-01
4.924999999999999933e-01
4.929999999999999938e-01
4.934999999999999942e-01
4.939999999999999947e-01
4.944999999999999951e-01
4.949999999999999956e-01
4.954999999999999960e-01
4.959999999999999964e-01
4.964999999999999969e-01
4.969999999999999973e-01
4.974999999999999978e-01
4.979999999999999982e-01
4.984999999999999987e-01
4.989999999999999991e-01
4.994999999999999996e-01
5.000000000000000000e-01
5.005000000000000560e-01
5.010000000000000009e-01
5.015000000000000568e-01
5.020000000000000018e-01
5.025000000000000577e-01
5.030000000000000027e-01
5.035000000000000586e-01
5.040000000000000036e-01
5.045000000000000595e-01
5.050000000000000044e-01
5.055000000000000604e-01
5.060000000000000053e-01
5.065000000000000613e-01
5.070000000000000062e-01
5.075000000000000622e-01
5.080000000000000071e-01
5.085000000000000631e-01
5.090000000000000080e-01
5.095000000000000639e-01
5.100000000000000089e-01
5.105000000000000648e-01
5.110000000000000098e-01
5.115000000000000657e-01
5.120000000000000107e-01
5.124999999999999556e-01
5.130000000000000115e-01
5.134999999999999565e-01
5.140000000000000124e-01
5.144999999999999574e-01
5.150000000000000133e-01
5.154999999999999583e-01
5.160000000000000142e-01
5.164999999999999591e-01
5.170000000000000151e-01
5.174999999999999600e-01
5.180000000000000160e-01
5.184999999999999609e-01
5.190000000000000169e-01
5.194999999999999618e-01
5.200000000000000178e-01
5.204999999999999627e-01
5.210000000000000187e-01
5.214999999999999636e-01
5.220000000000000195e-01
5.224999999999999645e-01
5.230000000000000204e-01
5.234999999999999654e-01
5.240000000000000213e-01
5.244999999999999662e-01
5.250000000000000222e-01
5.254999999999999671e-01
5.260000000000000231e-01
5.264999999999999680e-01
5.270000000000000240e-01
5.274999999999999689e-01
5.280000000000000249e-01
5.284999999999999698e-01
5.290000000000000258e-01
5.294999999999999707e-01
5.300000000000000266e-01
5.304999999999999716e-01
5.310000000000000275e-01
5.314999999999999725e-01
5.320000000000000284e-01
5.324999999999999734e-01
5.330000000000000293e-01
5.334999999999999742e-01
5.340000000000000302e-01
5.344999999999999751e-01
5.350000000000000311e-01
5.354999999999999760e-01
5.360000000000000320e-01
5.364999999999999769e-01
5.370000000000000329e-01
5.374999999999999778e-01
5.380000000000000338e-01
5.384999999999999787e-01
5.390000000000000346e-01
5.394999999999999796e-01
5.400000000000000355e-01
5.404999999999999805e-01
5.410000000000000364e-01
5.414999999999999813e-01
5.420000000000000373e-01
5.424999999999999822e-01
5.430000000000000382e-01
5.434999999999999831e-01
5.440000000000000391e-01
5.444999999999999840e-01
5.450000000000000400e-01
5.454999999999999849e-01
5.460000000000000409e-01
5.464999999999999858e-01
5.470000000000000417e-01
5.474999999999999867e-01
5.480000000000000426e-01
5.484999999999999876e-01
5.490000000000000435e-01
5.494999999999999885e-01
5.500000000000000444e-01
5.504999999999999893e-01
5.510000000000000453e-01
5.514999999999999902e-01
5.520000000000000462e-01
5.524999999999999911e-01
5.530000000000000471e-01
5.534999999999999920e-01
5.540000000000000480e-01
5.544999999999999929e-01
5.550000000000000488e-01
5.554999999999999938e-01
5.560000000000000497e-01
5.564999999999999947e-01
5.570000000000000506e-01
5.574999999999999956e-01
5.580000000000000515e-01
5.584999999999999964e-01
5.590000000000000524e-01
5.594999999999999973e-01
5.600000000000000533e-01
5.604999999999999982e-01
5.610000000000000542e-01
5.614999999999999991e-01
5.620000000000000551e-01
5.625000000000000000e-01
5.630000000000000560e-01
5.635000000000000009e-01
5.640000000000000568e-01
5.645000000000000018e-01
5.650000000000000577e-01
5.655000000000000027e-01
5.660000000000000586e-01
5.665000000000000036e-01
5.670000000000000595e-01
5.675000000000000044e-01
5.680000000000000604e-01
5.685000000000000053e-01
5.690000000000000613e-01
5.695000000000000062e-01
5.700000000000000622e-01
5.705000000000000071e-01
5.710000000000000631e-01
5.715000000000000080e-01
5.720000000000000639e-01
5.725000000000000089e-01
5.730000000000000648e-01
5.735000000000000098e-01
5.740000000000000657e-01
5.745000000000000107e-01
5.750000000000000666e-01
5.755000000000000115e-01
5.760000000000000675e-01
5.765000000000000124e-01
5.769999999999999574e-01
5.775000000000000133e-01
5.779999999999999583e-01
5.785000000000000142e-01
5.789999999999999591e-01
5.795000000000000151e-01
5.799999999999999600e-01
5.805000000000000160e-01
5.809999999999999609e-01
5.815000000000000169e-01
5.819999999999999618e-01
5.825000000000000178e-01
5.829999999999999627e-01
5.835000000000000187e-01
5.839999999999999636e-01
5.845000000000000195e-01
5.849999999999999645e-01
5.855000000000000204e-01
5.859999999999999654e-01
5.865000000000000213e-01
5.869999999999999662e-01
5.875000000000000222e-01
5.879999999999999671e-01
5.885000000000000231e-01
5.889999999999999680e-01
5.895000000000000240e-01
5.899999999999999689e-01
5.905000000000000249e-01
5.909999999999999698e-01
5.915000000000000258e-01
5.919999999999999707e-01
5.925000000000000266e-01
5.929999999999999716e-01
5.935000000000000275e-01
5.939999999999999725e-01
5.945000000000000284e-01
5.949999999999999734e-01
5.955000000000000293e-01
5.959999999999999742e-01
5.965000000000000302e-01
5.969999999999999751e-01
5.975000000000000311e-01
5.979999999999999760e-01
5.985000000000000320e-01
5.989999999999999769e-01
5.995000000000000329e-01
5.999999999999999778e-01
6.005000000000000338e-01
6.009999999999999787e-01
6.015000000000000346e-01
6.019999999999999796e-01
6.025000000000000355e-01
6.029999999999999805e-01
6.035000000000000364e-01
6.039999999999999813e-01
6.045000000000000373e-01
6.049999999999999822e-01
6.055000000000000382e-01
6.059999999999999831e-01
6.065000000000000391e-01
6.069999999999999840e-01
6.075000000000000400e-01
6.079999999999999849e-01
6.085000000000000409e-01
6.089999999999999858e-01
6.095000000000000417e-01
6.099999999999999867e-01
6.105000000000000426e-01
6.109999999999999876e-01
6.115000000000000435e-01
6.119999999999999885e-01
6.125000000000000444e-01
6.129999999999999893e-01
6.135000000000000453e-01
6.139999999999999902e-01
6.145000000000000462e-01
6.149999999999999911e-01
6.155000000000000471e-01
6.159999999999999920e-01
6.165000000000000480e-01
6.169999999999999929e-01
6.175000000000000488e-01
6.179999999999999938e-01
6.185000000000000497e-01
6.189999999999999947e-01
6.195000000000000506e-01
6.199999999999999956e-01
6.205000000000000515e-01
6.209999999999999964e-01
6.215000000000000524e-01
6.219999999999999973e-01
6.225000000000000533e-01
6.229999999999999982e-01
6.235000000000000542e-01
6.239999999999999991e-01
6.245000000000000551e-01
6.250000000000000000e-01
6.255000000000000560e-01
6.260000000000000009e-01
6.265000000000000568e-01
6.270000000000000018e-01
6.275000000000000577e-01
6.280000000000000027e-01
6.285000000000000586e-01
6.290000000000000036e-01
6.295000000000000595e-01
6.300000000000000044e-01
6.305000000000000604e-01
6.310000000000000053e-01
6.315000000000000613e-01
6.320000000000000062e-01
6.325000000000000622e-01
6.330000000000000071e-01
6.335000000000000631e-01
6.340000000000000080e-01
6.345000000000000639e-01
6.350000000000000089e-01
6.355000000000000648e-01
6.360000000000000098e-01
6.365000000000000657e-01
6.370000000000000107e-01
6.375000000000000666e-01
6.380000000000000115e-01
6.385000000000000675e-01
6.390000000000000124e-01
6.395000000000000684e-01
6.400000000000000133e-01
6.404999999999999583e-01
6.410000000000000142e-01
6.414999999999999591e-01
6.420000000000000151e-01
6.424999999999999600e-01
6.430000000000000160e-01
6.434999999999999609e-01
6.440000000000000169e-01
6.444999999999999618e-01
6.450000000000000178e-01
6.454999999999999627e-01
6.460000000000000187e-01
6.464999999999999636e-01
6.470000000000000195e-01
6.474999999999999645e-01
6.480000000000000204e-01
6.484999999999999654e-01
6.490000000000000213e-01
6.494999999999999662e-01
6.500000000000000222e-01
6.504999999999999671e-01
6.510000000000000231e-01
6.514999999999999680e-01
6.520000000000000240e-01
6.524999999999999689e-01
6.530000000000000249e-01
6.534999999999999698e-01
6.540000000000000258e-01
6.544999999999999707e-01
6.550000000000000266e-01
6.554999999999999716e-01
6.560000000000000275e-01
6.564999999999999725e-01
6.570000000000000284e-01
6.574999999999999734e-01
6.580000000000000293e-01
6.584999999999999742e-01
6.590000000000000302e-01
6.594999999999999751e-01
6.600000000000000311e-01
6.604999999999999760e-01
6.610000000000000320e-01
6.614999999999999769e-01
6.620000000000000329e-01
6.624999999999999778e-01
6.630000000000000338e-01
6.634999999999999787e-01
6.640000000000000346e-01
6.644999999999999796e-01
6.650000000000000355e-01
6.654999999999999805e-01
6.660000000000000364e-01
6.664999999999999813e-01
6.670000000000000373e-01
6.674999999999999822e-01
6.680000000000000382e-01
6.684999999999999831e-01
6.690000000000000391e-01
6.694999999999999840e-01
6.700000000000000400e-01
6.704999999999999849e-01
6.710000000000000409e-01
6.714999999999999858e-01
6.720000000000000417e-01
6.724999999999999867e-01
6.730000000000000426e-01
6.734999999999999876e-01
6.740000000000000435e-01
6.744999999999999885e-01
6.750000000000000444e-01
6.754999999999999893e-01
6.760000000000000453e-01
6.764999999999999902e-01
6.770000000000000462e-01
6.774999999999999911e-01
6.780000000000000471e-01
6.784999999999999920e-01
6.790000000000000480e-01
6.794999999999999929e-01
6.800000000000000488e-01
6.804999999999999938e-01
6.810000000000000497e-01
6.814999999999999947e-01
6.820000000000000506e-01
6.824999999999999956e-01
6.830000000000000515e-01
6.834999999999999964e-01
6.840000000000000524e-01
6.844999999999999973e-01
6.850000000000000533e-01
6.854999999999999982e-01
6.860000000000000542e-01
6.864999999999999991e-01
6.870000000000000551e-01
6.875000000000000000e-01
6.880000000000000560e-01
6.885000000000000009e-01
6.890000000000000568e-01
6.895000000000000018e-01
6.900000000000000577e-01
6.905000000000000027e-01
6.910000000000000586e-01
6.915000000000000036e-01
6.920000000000000595e-01
6.925000000000000044e-01
6.930000000000000604e-01
6.935000000000000053e-01
6.940000000000000613e-01
6.945000000000000062e-01
6.950000000000000622e-01
6.955000000000000071e-01
6.960000000000000631e-01
6.965000000000000080e-01
6.970000000000000639e-01
6.975000000000000089e-01
6.980000000000000648e-01
6.985000000000000098e-01
6.990000000000000657e-01
6.995000000000000107e-01
7.000000000000000666e-01
7.005000000000000115e-01
7.010000000000000675e-01
7.015000000000000124e-01
7.020000000000000684e-01
7.025000000000000133e-01
7.030000000000000693e-01
7.035000000000000142e-01
7.039999999999999591e-01
7.045000000000000151e-01
7.049999999999999600e-01
7.055000000000000160e-01
7.059999999999999609e-01
7.065000000000000169e-01
7.069999999999999618e-01
7.075000000000000178e-01
7.079999999999999627e-01
7.085000000000000187e-01
7.089999999999999636e-01
7.095000000000000195e-01
7.099999999999999645e-01
7.105000000000000204e-01
7.109999999999999654e-01
7.115000000000000213e-01
7.119999999999999662e-01
7.125000000000000222e-01
7.129999999999999671e-01
7.135000000000000231e-01
7.139999999999999680e-01
7.145000000000000240e-01
7.149999999999999689e-01
7.155000000000000249e-01
7.159999999999999698e-01
7.165000000000000258e-01
7.169999999999999707e-01
7.175000000000000266e-01
7.179999999999999716e-01
7.185000000000000275e-01
7.189999999999999725e-01
7.195000000000000284e-01
7.199999999999999734e-01
7.205000000000000293e-01
7.209999999999999742e-01
7.215000000000000302e-01
7.219999999999999751e-01
7.225000000000000311e-01
7.229999999999999760e-01
7.235000000000000320e-01
7.239999999999999769e-01
7.245000000000000329e-01
7.249999999999999778e-01
7.255000000000000338e-01
7.259999999999999787e-01
7.265000000000000346e-01
7.269999999999999796e-01
7.275000000000000355e-01
7.279999999999999805e-01
7.285000000000000364e-01
7.289999999999999813e-01
7.295000000000000373e-01
7.299999999999999822e-01
7.305000000000000382e-01
7.309999999999999831e-01
7.315000000000000391e-01
7.319999999999999840e-01
7.325000000000000400e-01
7.329999999999999849e-01
7.335000000000000409e-01
7.339999999999999858e-01
7.345000000000000417e-01
7.349999999999999867e-01
7.355000000000000426e-01
7.359999999999999876e-01
7.365000000000000435e-01
7.369999999999999885e-01
7.375000000000000444e-01
7.379999999999999893e-01
7.385000000000000453e-01
7.389999999999999902e-01
7.395000000000000462e-01
7.399999999999999911e-01
7.405000000000000471e-01
7.409999999999999920e-01
7.415000000000000480e-01
7.419999999999999929e-01
7.425000000000000488e-01
7.429999999999999938e-01
7.435000000000000497e-01
7.439999999999999947e-01
7.445000000000000506e-01
7.449999999999999956e-01
7.455000000000000515e-01
7.459999999999999964e-01
7.465000000000000524e-01
7.469999999999999973e-01
7.475000000000000533e-01
7.479999999999999982e-01
7.485000000000000542e-01
7.489999999999999991e-01
7.495000000000000551e-01
7.500000000000000000e-01
7.505000000000000560e-01
7.510000000000000009e-01
7.515000000000000568e-01
7.520000000000000018e-01
7.525000000000000577e-01
7.530000000000000027e-01
7.535000000000000586e-01
7.540000000000000036e-01
7.545000000000000595e-01
7.550000000000000044e-01
7.555000000000000604e-01
7.560000000000000053e-01
7.565000000000000613e-01
7.570000000000000062e-01
7.575000000000000622e-01
7.580000000000000071e-01
7.585000000000000631e-01
7.590000000000000080e-01
7.595000000000000639e-01
7.600000000000000089e-01
7.605000000000000648e-01
7.610000000000000098e-01
7.615000000000000657e-01
7.620000000000000107e-01
7.625000000000000666e-01
7.630000000000000115e-01
7.635000000000000675e-01
7.640000000000000124e-01
7.645000000000000684e-01
7.650000000000000133e-01
7.655000000000000693e-01
7.660000000000000142e-01
7.665000000000000702e-01
7.670000000000000151e-01
7.675000000000000711e-01
7.680000000000000160e-01
7.684999999999999609e-01
7.690000000000000169e-01
7.694999999999999618e-01
7.700000000000000178e-01
7.704999999999999627e-01
7.710000000000000187e-01
7.714999999999999636e-01
7.720000000000000195e-01
7.724999999999999645e-01
7.730000000000000204e-01
7.734999999999999654e-01
7.740000000000000213e-01
7.744999999999999662e-01
7.750000000000000222e-01
7.754999999999999671e-01
7.760000000000000231e-01
7.764999999999999680e-01
7.770000000000000240e-01
7.774999999999999689e-01
7.780000000000000249e-01
7.784999999999999698e-01
7.790000000000000258e-01
7.794999999999999707e-01
7.800000000000000266e-01
7.804999999999999716e-01
7.810000000000000275e-01
7.814999999999999725e-01
7.820000000000000284e-01
7.824999999999999734e-01
7.830000000000000293e-01
7.834999999999999742e-01
7.840000000000000302e-01
7.844999999999999751e-01
7.850000000000000311e-01
7.854999999999999760e-01
7.860000000000000320e-01
7.864999999999999769e-01
7.870000000000000329e-01
7.874999999999999778e-01
7.880000000000000338e-01
7.884999999999999787e-01
7.890000000000000346e-01
7.894999999999999796e-01
7.900000000000000355e-01
7.904999999999999805e-01
7.910000000000000364e-01
7.914999999999999813e-01
7.920000000000000373e-01
7.924999999999999822e-01
7.930000000000000382e-01
7.934999999999999831e-01
7.940000000000000391e-01
7.944999999999999840e-01
7.950000000000000400e-01
7.954999999999999849e-01
7.960000000000000409e-01
7.964999999999999858e-01
7.970000000000000417e-01
7.974999999999999867e-01
7.980000000000000426e-01
7.984999999999999876e-01
7.990000000000000435e-01
7.994999999999999885e-01
8.000000000000000444e-01
8.004999999999999893e-01
8.010000000000000453e-01
8.014999999999999902e-01
8.020000000000000462e-01
8.024999999999999911e-01
8.030000000000000471e-01
8.034999999999999920e-01
8.040000000000000480e-01
8.044999999999999929e-01
8.050000000000000488e-01
8.054999999999999938e-01
8.060000000000000497e-01
8.064999999999999947e-01
8.070000000000000506e-01
8.074999999999999956e-01
8.080000000000000515e-01
8.084999999999999964e-01
8.090000000000000524e-01
8.094999999999999973e-01
8.100000000000000533e-01
8.104999999999999982e-01
8.110000000000000542e-01
8.114999999999999991e-01
8.120000000000000551e-01
8.125000000000000000e-01
8.130000000000000560e-01
8.135000000000000009e-01
8.140000000000000568e-01
8.145000000000000018e-01
8.150000000000000577e-01
8.155000000000000027e-01
8.160000000000000586e-01
8.165000000000000036e-01
8.170000000000000595e-01
8.175000000000000044e-01
8.180000000000000604e-01
8.185000000000000053e-01
8.190000000000000613e-01
8.195000000000000062e-01
8.200000000000000622e-01
8.205000000000000071e-01
8.210000000000000631e-01
8.215000000000000080e-01
8.220000000000000639e-01
8.225000000000000089e-01
8.230000000000000648e-01
8.235000000000000098e-01
8.240000000000000657e-01
8.245000000000000107e-01
8.250000000000000666e-01
8.255000000000000115e-01
8.260000000000000675e-01
8.265000000000000124e-01
8.270000000000000684e-01
8.275000000000000133e-01
8.280000000000000693e-01
8.285000000000000142e-01
8.290000000000000702e-01
8.295000000000000151e-01
8.300000000000000711e-01
8.305000000000000160e-01
8.310000000000000719e-01
8.315000000000000169e-01
8.320000000000000728e-01
8.325000000000000178e-01
8.329999999999999627e-01
8.335000000000000187e-01
8.339999999999999636e-01
8.345000000000000195e-01
8.349999999999999645e-01
8.355000000000000204e-01
8.359999999999999654e-01
8.365000000000000213e-01
8.369999999999999662e-01
8.375000000000000222e-01
8.379999999999999671e-01
8.385000000000000231e-01
8.389999999999999680e-01
8.395000000000000240e-01
8.399999999999999689e-01
8.405000000000000249e-01
8.409999999999999698e-01
8.415000000000000258e-01
8.419999999999999707e-01
8.425000000000000266e-01
8.429999999999999716e-01
8.435000000000000275e-01
8.439999999999999725e-01
8.445000000000000284e-01
8.449999999999999734e-01
8.455000000000000293e-01
8.459999999999999742e-01
8.465000000000000302e-01
8.469999999999999751e-01
8.475000000000000311e-01
8.479999999999999760e-01
8.485000000000000320e-01
8.489999999999999769e-01
8.495000000000000329e-01
8.499999999999999778e-01
8.505000000000000338e-01
8.509999999999999787e-01
8.515000000000000346e-01
8.519999999999999796e-01
8.525000000000000355e-01
8.529999999999999805e-01
8.535000000000000364e-01
8.539999999999999813e-01
8.545000000000000373e-01
8.549999999999999822e-01
8.555000000000000382e-01
8.559999999999999831e-01
8.565000000000000391e-01
8.569999999999999840e-01
8.575000000000000400e-01
8.579999999999999849e-01
8.585000000000000409e-01
8.589999999999999858e-01
8.595000000000000417e-01
8.599999999999999867e-01
8.605000000000000426e-01
8.609999999999999876e-01
8.615000000000000435e-01
8.619999999999999885e-01
8.625000000000000444e-01
8.629999999999999893e-01
8.635000000000000453e-01
8.639999999999999902e-01
8.645000000000000462e-01
8.649999999999999911e-01
8.655000000000000471e-01
8.659999999999999920e-01
8.665000000000000480e-01
8.669999999999999929e-01
8.675000000000000488e-01
8.679999999999999938e-01
8.685000000000000497e-01
8.689999999999999947e-01
8.695000000000000506e-01
8.699999999999999956e-01
8.705000000000000515e-01
8.709999999999999964e-01
8.715000000000000524e-01
8.719999999999999973e-01
8.725000000000000533e-01
8.729999999999999982e-01
8.735000000000000542e-01
8.739999999999999991e-01
8.745000000000000551e-01
8.750000000000000000e-01
8.755000000000000560e-01
8.760000000000000009e-01
8.765000000000000568e-01
8.770000000000000018e-01
8.775000000000000577e-01
8.780000000000000027e-01
8.785000000000000586e-01
8.790000000000000036e-01
8.795000000000000595e-01
8.800000000000000044e-01
8.805000000000000604e-01
8.810000000000000053e-01
8.815000000000000613e-01
8.820000000000000062e-01
8.825000000000000622e-01
8.830000000000000071e-01
8.835000000000000631e-01
8.840000000000000080e-01
8.845000000000000639e-01
8.850000000000000089e-01
8.855000000000000648e-01
8.860000000000000098e-01
8.865000000000000657e-01
8.870000000000000107e-01
8.875000000000000666e-01
8.880000000000000115e-01
8.885000000000000675e-01
8.890000000000000124e-01
8.895000000000000684e-01
8.900000000000000133e-01
8.905000000000000693e-01
8.910000000000000142e-01
8.915000000000000702e-01
8.920000000000000151e-01
8.925000000000000711e-01
8.930000000000000160e-01
8.935000000000000719e-01
8.940000000000000169e-01
8.945000000000000728e-01
8.950000000000000178e-01
8.955000000000000737e-01
8.960000000000000187e-01
8.964999999999999636e-01
8.970000000000000195e-01
8.974999999999999645e-01
8.980000000000000204e-01
8.984999999999999654e-01
8.990000000000000213e-01
8.994999999999999662e-01
9.000000000000000222e-01
9.004999999999999671e-01
9.010000000000000231e-01
9.014999999999999680e-01
9.020000000000000240e-01
9.024999999999999689e-01
9.030000000000000249e-01
9.034999999999999698e-01
9.040000000000000258e-01
9.044999999999999707e-01
9.050000000000000266e-01
9.054999999999999716e-01
9.060000000000000275e-01
9.064999999999999725e-01
9.070000000000000284e-01
9.074999999999999734e-01
9.080000000000000293e-01
9.084999999999999742e-01
9.090000000000000302e-01
9.094999999999999751e-01
9.100000000000000311e-01
9.104999999999999760e-01
9.110000000000000320e-01
9.114999999999999769e-01
9.120000000000000329e-01
9.124999999999999778e-01
9.130000000000000338e-01
9.134999999999999787e-01
9.140000000000000346e-01
9.144999999999999796e-01
9.150000000000000355e-01
9.154999999999999805e-01
9.160000000000000364e-01
9.164999999999999813e-01
9.170000000000000373e-01
9.174999999999999822e-01
9.180000000000000382e-01
9.184999999999999831e-01
9.190000000000000391e-01
9.194999999999999840e-01
9.200000000000000400e-01
9.204999999999999849e-01
9.210000000000000409e-01
9.214999999999999858e-01
9.220000000000000417e-01
9.224999999999999867e-01
9.230000000000000426e-01
9.234999999999999876e-01
9.240000000000000435e-01
9.244999999999999885e-01
9.250000000000000444e-01
9.254999999999999893e-01
9.260000000000000453e-01
9.264999999999999902e-01
9.270000000000000462e-01
9.274999999999999911e-01
9.280000000000000471e-01
9.284999999999999920e-01
9.290000000000000480e-01
9.294999999999999929e-01
9.300000000000000488e-01
9.304999999999999938e-01
9.310000000000000497e-01
9.314999999999999947e-01
9.320000000000000506e-01
9.324999999999999956e-01
9.330000000000000515e-01
9.334999999999999964e-01
9.340000000000000524e-01
9.344999999999999973e-01
9.350000000000000533e-01
9.354999999999999982e-01
9.360000000000000542e-01
9.364999999999999991e-01
9.370000000000000551e-01
9.375000000000000000e-01
9.380000000000000560e-01
9.385000000000000009e-01
9.390000000000000568e-01
9.395000000000000018e-01
9.400000000000000577e-01
9.405000000000000027e-01
9.410000000000000586e-01
9.415000000000000036e-01
9.420000000000000595e-01
9.425000000000000044e-01
9.430000000000000604e-01
9.435000000000000053e-01
9.440000000000000613e-01
9.445000000000000062e-01
9.450000000000000622e-01
9.455000000000000071e-01
9.460000000000000631e-01
9.465000000000000080e-01
9.470000000000000639e-01
9.475000000000000089e-01
9.480000000000000648e-01
9.485000000000000098e-01
9.490000000000000657e-01
9.495000000000000107e-01
9.500000000000000666e-01
9.505000000000000115e-01
9.510000000000000675e-01
9.515000000000000124e-01
9.520000000000000684e-01
9.525000000000000133e-01
9.530000000000000693e-01
9.535000000000000142e-01
9.540000000000000702e-01
9.545000000000000151e-01
9.550000000000000711e-01
9.555000000000000160e-01
9.560000000000000719e-01
9.565000000000000169e-01
9.570000000000000728e-01
9.575000000000000178e-01
9.580000000000000737e-01
9.585000000000000187e-01
9.590000000000000746e-01
9.595000000000000195e-01
9.599999999999999645e-01
9.605000000000000204e-01
9.609999999999999654e-01
9.615000000000000213e-01
9.619999999999999662e-01
9.625000000000000222e-01
9.629999999999999671e-01
9.635000000000000231e-01
9.639999999999999680e-01
9.645000000000000240e-01
9.649999999999999689e-01
9.655000000000000249e-01
9.659999999999999698e-01
9.665000000000000258e-01
9.669999999999999707e-01
9.675000000000000266e-01
9.679999999999999716e-01
9.685000000000000275e-01
9.689999999999999725e-01
9.695000000000000284e-01
9.699999999999999734e-01
9.705000000000000293e-01
9.709999999999999742e-01
9.715000000000000302e-01
9.719999999999999751e-01
9.725000000000000311e-01
9.729999999999999760e-01
9.735000000000000320e-01
9.739999999999999769e-01
9.745000000000000329e-01
9.749999999999999778e-01
9.755000000000000338e-01
9.759999999999999787e-01
9.765000000000000346e-01
9.769999999999999796e-01
9.775000000000000355e-01
9.779999999999999805e-01
9.785000000000000364e-01
9.789999999999999813e-01
9.795000000000000373e-01
9.799999999999999822e-01
9.805000000000000382e-01
9.809999999999999831e-01
9.815000000000000391e-01
9.819999999999999840e-01
9.825000000000000400e-01
9.829999999999999849e-01
9.835000000000000409e-01
9.839999999999999858e-01
9.845000000000000417e-01
9.849999999999999867e-01
9.855000000000000426e-01
9.859999999999999876e-01
9.865000000000000435e-01
9.869999999999999885e-01
9.875000000000000444e-01
9.879999999999999893e-01
9.885000000000000453e-01
9.889999999999999902e-01
9.895000000000000462e-01
9.899999999999999911e-01
9.905000000000000471e-01
9.909999999999999920e-01
9.915000000000000480e-01
9.919999999999999929e-01
9.925000000000000488e-01
9.929999999999999938e-01
9.935000000000000497e-01
9.939999999999999947e-01
9.945000000000000506e-01
9.949999999999999956e-01
9.955000000000000515e-01
9.959999999999999964e-01
9.965000000000000524e-01
9.969999999999999973e-01
9.975000000000000533e-01
9.979999999999999982e-01
9.985000000000000542e-01
9.989999999999999991e-01
9.995000000000000551e-01
1.000000000000000000e+00
